   1148.6   5.735    1.2 
   1149.8   4.721    1.2 
   1151.0   5.196    1.2 
   1152.2   6.834    1.2 
   1153.4   6.488    3.5 
   1156.9   6.056    1.2 
   1158.1   5.885    1.2 
   1159.3   6.558    1.1 
   1160.4   7.216    1.2 
   1161.6   6.501    1.2 
   1162.8   6.322    1.2 
   1164.0   7.096    1.2 
   1165.2   8.262    4.7 
   1169.9   8.299    1.2 
   1171.1    7.79    1.1 
   1172.2   9.314    1.2 
   1173.4    7.76    1.2 
   1174.6   7.209    1.2 
   1175.8   7.968    9.4 
   1185.2   9.037   13.0 
   1198.2   9.588    1.2 
   1199.4   8.868    2.3 
   1201.7   9.007    1.2 
   1202.9   8.566    1.2 
   1204.1   7.893    1.2 
   1205.3   8.983    1.2 
   1206.5  11.447    1.1 
   1207.6   7.122    1.2 
   1208.8   6.464    1.2 
   1210.0   6.307    1.2 
   1211.2   6.299    1.2 
   1212.4   6.075    1.1 
   1213.5   5.846    1.2 
   1214.7   5.941    1.2 
   1215.9   5.936    1.2 
   1217.1   5.969    1.2 
   1218.3   6.591    1.1 
   1219.4   6.974    1.2 
   1220.6   6.897    1.2 
   1221.8   7.115    1.2 
   1223.0    7.94    1.2 
   1224.2   7.822    1.1 
   1225.3   6.996    1.2 
   1226.5   7.402    1.2 
   1227.7  10.446    1.2 
   1228.9   8.704    1.1 
   1230.0    8.59    1.2 
   1231.2   8.292    1.2 
   1232.4   7.699    1.2 
   1233.6   7.902    1.2 
   1234.8   7.848    1.1 
   1235.9   8.334    1.2 
   1237.1   8.472    1.2 
   1238.3   7.406    1.2 
   1239.5   7.073    1.2 
   1240.7   7.406    1.1 
   1241.8   6.917    1.2 
   1243.0    6.69    1.2 
   1244.2   7.428    1.2 
   1245.4   7.836    1.2 
   1246.6   7.514    1.1 
   1247.7   7.288    1.2 
   1248.9   7.059    1.2 
   1250.1   6.588    1.2 
   1251.3   6.389    1.2 
   1252.5   6.302    1.1 
   1253.6   6.176    1.2 
   1254.8   6.088    1.2 
   1256.0   5.967    1.2 
   1257.2   5.963    1.2 
   1258.4   5.938    1.1 
   1259.5   5.978    1.2 
   1260.7   5.841    1.2 
   1261.9   5.321    1.2 
   1263.1   5.242    1.2 
   1264.3   5.318    1.1 
   1265.4   5.135    1.2 
   1266.6   4.968    1.2 
   1267.8   4.626    1.2 
   1269.0   4.437    1.2 
   1270.2   4.451    1.1 
   1271.3   4.401    1.2 
   1272.5   4.444    1.2 
   1273.7    4.55    1.2 
   1274.9   4.591    1.2 
   1276.1   4.504    1.1 
   1277.2   4.329    1.2 
   1278.4   4.169    1.2 
   1279.6   4.001    1.2 
   1280.8   3.837    1.2 
   1282.0   3.735    1.1 
   1283.1   3.678    1.2 
   1284.3   3.709    1.2 
   1285.5   3.794    1.2 
   1286.7   3.818    1.2 
   1287.9   3.816    1.1 
   1289.0   3.713    1.2 
   1290.2   3.609    1.2 
   1291.4    3.53    1.2 
   1292.6   3.452    1.2 
   1293.8   3.417    1.1 
   1294.9   3.393    1.2 
   1296.1   3.398    1.2 
   1297.3   3.424    1.2 
   1298.5   3.479    1.2 
   1299.7   3.561    1.1 
   1300.8   3.748    1.2 
   1302.0   3.865    1.2 
   1303.2   3.856    1.2 
   1304.4   3.833    1.2 
   1305.6   3.833    1.1 
   1306.7   3.789    1.2 
   1307.9   3.757    1.2 
   1309.1   3.756    1.2 
   1310.3   3.644    1.2 
   1311.5   3.476    1.1 
   1312.6   3.306    1.2 
   1313.8   3.163    1.2 
   1315.0   3.071    1.2 
   1316.2   3.041    1.1 
   1317.3    3.02    1.2 
   1318.5   2.982    1.2 
   1319.7   2.952    1.2 
   1320.9   2.951    1.2 
   1322.1   2.975    1.1 
   1323.2   2.974    1.2 
   1324.4   3.015    1.2 
   1325.6   3.013    1.2 
   1326.8   3.004    1.2 
   1328.0   3.003    1.1 
   1329.1   3.021    1.2 
   1330.3   2.988    1.2 
   1331.5   3.074    1.2 
   1332.7   3.175    1.2 
   1333.9   3.215    1.1 
   1335.0    3.12    1.2 
   1336.2     3.0    1.2 
   1337.4   2.822    1.2 
   1338.6   2.731    1.2 
   1339.8   2.691    1.1 
   1340.9   2.676    1.2 
   1342.1   2.678    1.2 
   1343.3   2.643    1.2 
   1344.5   2.677    1.2 
   1345.7   2.672    1.1 
   1346.8   2.682    1.2 
   1348.0    2.69    1.2 
   1349.2   2.712    1.2 
   1350.4   2.764    1.2 
   1351.6   2.804    1.1 
   1352.7   2.857    1.2 
   1353.9   2.861    1.2 
   1355.1   2.889    1.2 
   1356.3   2.871    1.2 
   1357.5   2.838    1.1 
   1358.6   2.757    1.2 
   1359.8   2.743    1.2 
   1361.0   2.769    1.2 
   1362.2   2.741    1.2 
   1363.4   2.752    1.1 
   1364.5   2.765    1.2 
   1365.7   2.739    1.2 
   1366.9   2.734    1.2 
   1368.1   2.746    1.2 
   1369.3   2.728    1.1 
   1370.4     2.7    1.2 
   1371.6   2.692    1.2 
   1372.8   2.661    1.2 
   1374.0   2.614    1.2 
   1375.2   2.597    1.1 
   1376.3   2.619    1.2 
   1377.5   2.635    1.2 
   1378.7   2.613    1.2 
   1379.9   2.656    1.2 
   1381.1   2.668    1.1 
   1382.2   2.594    1.2 
   1383.4   2.592    1.2 
   1384.6    2.62    1.2 
   1385.8   2.624    1.2 
   1387.0   2.616    1.1 
   1388.1   2.583    1.2 
   1389.3   2.586    1.2 
   1390.5   2.582    1.2 
   1391.7   2.596    1.2 
   1392.9   2.614    1.1 
   1394.0   2.627    1.2 
   1395.2   2.623    1.2 
   1396.4    2.64    1.2 
   1397.6   2.662    1.2 
   1398.8    2.63    1.1 
   1399.9    2.57    1.2 
   1401.1   2.557    1.2 
   1402.3   2.554    1.2 
   1403.5   2.546    1.2 
   1404.7   2.517    1.1 
   1405.8   2.459    1.2 
   1407.0   2.462    1.2 
   1408.2   2.505    1.2 
   1409.4   2.523    1.1 
   1410.5   2.516    1.2 
   1411.7   2.494    1.2 
   1412.9   2.447    1.2 
   1414.1   2.432    1.2 
   1415.3   2.445    1.1 
   1416.4   2.393    1.2 
   1417.6   2.398    1.2 
   1418.8   2.398    1.2 
   1420.0   2.392    1.2 
   1421.2   2.397    1.1 
   1422.3   2.391    1.2 
   1423.5   2.372    1.2 
   1424.7   2.358    1.2 
   1425.9   2.355    1.2 
   1427.1    2.35    1.1 
   1428.2   2.392    1.2 
   1429.4    2.44    1.2 
   1430.6    2.47    1.2 
   1431.8   2.513    1.2 
   1433.0   2.483    1.1 
   1434.1   2.422    1.2 
   1435.3   2.438    1.2 
   1436.5   2.393    1.2 
   1437.7   2.346    1.2 
   1438.9   2.379    1.1 
   1440.0   2.343    1.2 
   1441.2   2.321    1.2 
   1442.4    2.34    1.2 
   1443.6   2.329    1.2 
   1444.8   2.301    1.1 
   1445.9   2.274    1.2 
   1447.1   2.244    1.2 
   1448.3   2.246    1.2 
   1449.5   2.233    1.2 
   1450.7   2.233    1.1 
   1451.8   2.228    1.2 
   1453.0   2.226    1.2 
   1454.2   2.229    1.2 
   1455.4   2.229    1.2 
   1456.6   2.227    1.1 
   1457.7   2.226    1.2 
   1458.9   2.257    1.2 
   1460.1   2.266    1.2 
   1461.3   2.232    1.2 
   1462.5   2.261    1.1 
   1463.6   2.309    1.2 
   1464.8   2.331    1.2 
   1466.0   2.297    1.2 
   1467.2   2.295    1.2 
   1468.4   2.327    1.1 
   1469.5   2.325    1.2 
   1470.7    2.33    1.2 
   1471.9   2.366    1.2 
   1473.1   2.354    1.2 
   1474.3   2.332    1.1 
   1475.4    2.29    1.2 
   1476.6    2.25    1.2 
   1477.8    2.24    1.2 
   1479.0   2.277    1.2 
   1480.2   2.313    1.1 
   1481.3     2.3    1.2 
   1482.5   2.299    1.2 
   1483.7   2.303    1.2 
   1484.9   2.264    1.2 
   1486.1   2.205    1.1 
   1487.2    2.15    1.2 
   1488.4   2.145    1.2 
   1489.6   2.186    1.2 
   1490.8   2.221    1.2 
   1492.0   2.222    1.1 
   1493.1   2.213    1.2 
   1494.3   2.199    1.2 
   1495.5   2.148    1.2 
   1496.7   2.078    1.1 
   1497.8   2.062    1.2 
   1499.0   2.069    1.2 
   1500.2   2.069    1.2 
   1501.4    2.08    1.2 
   1502.6   2.089    1.1 
   1503.7     2.1    1.2 
   1504.9   2.138    1.2 
   1506.1   2.179    1.2 
   1507.3   2.229    1.2 
   1508.5   2.254    1.1 
   1509.6   2.266    1.2 
   1510.8    2.27    1.2 
   1512.0   2.239    1.2 
   1513.2   2.202    1.2 
   1514.4   2.181    1.1 
   1515.5   2.162    1.2 
   1516.7    2.15    1.2 
   1517.9   2.124    1.2 
   1519.1   2.066    1.2 
   1520.3   2.051    1.1 
   1521.4     2.1    1.2 
   1522.6    2.12    1.2 
   1523.8   2.139    1.2 
   1525.0   2.176    1.2 
   1526.2   2.182    1.1 
   1527.3   2.187    1.2 
   1528.5   2.204    1.2 
   1529.7   2.161    1.2 
   1530.9   2.165    1.2 
   1532.1   2.209    1.1 
   1533.2   2.207    1.2 
   1534.4   2.177    1.2 
   1535.6   2.114    1.2 
   1536.8   2.101    1.2 
   1538.0   2.087    1.1 
   1539.1   2.065    1.2 
   1540.3   2.082    1.2 
   1541.5   2.105    1.2 
   1542.7   2.101    1.2 
   1543.9   2.094    1.1 
   1545.0   2.111    1.2 
   1546.2   2.112    1.2 
   1547.4   2.065    1.2 
   1548.6   2.049    1.2 
   1549.8   2.067    1.1 
   1550.9   2.099    1.2 
   1552.1   2.092    1.2 
   1553.3   2.087    1.2 
   1554.5     2.1    1.2 
   1555.7   2.144    1.1 
   1556.8   2.194    1.2 
   1558.0   2.207    1.2 
   1559.2   2.212    1.2 
   1560.4   2.208    1.2 
   1561.6   2.163    1.1 
   1562.7   2.134    1.2 
   1563.9   2.122    1.2 
   1565.1   2.074    1.2 
   1566.3   2.053    1.2 
   1567.5   2.059    1.1 
   1568.6   2.095    1.2 
   1569.8   2.131    1.2 
   1571.0   2.113    1.2 
   1572.2   2.114    1.2 
   1573.4    2.12    1.1 
   1574.5   2.098    1.2 
   1575.7   2.089    1.2 
   1576.9   2.063    1.2 
   1578.1   2.032    1.2 
   1579.3   2.015    1.1 
   1580.4   2.017    1.2 
   1581.6    2.01    1.2 
   1582.8   2.021    1.2 
   1584.0   2.025    1.1 
   1585.1   2.015    1.2 
   1586.3   2.029    1.2 
   1587.5   2.024    1.2 
   1588.7   2.027    1.2 
   1589.9   2.024    1.1 
   1591.0   2.024    1.2 
   1592.2   2.055    1.2 
   1593.4   2.041    1.2 
   1594.6   2.029    1.2 
   1595.8   2.023    1.1 
   1596.9    2.01    1.2 
   1598.1   2.011    1.2 
   1599.3   2.031    1.2 
   1600.5   2.032    1.2 
   1601.7   2.032    1.1 
   1602.8   2.061    1.2 
   1604.0    2.04    1.2 
   1605.2   2.028    1.2 
   1606.4   2.017    1.2 
   1607.6   2.016    1.1 
   1608.7   2.005    1.2 
   1609.9   2.001    1.2 
   1611.1   2.011    1.2 
   1612.3   2.008    1.2 
   1613.5   1.991    1.1 
   1614.6   1.997    1.2 
   1615.8   1.972    1.2 
   1617.0   1.977    1.2 
   1618.2   1.992    1.2 
   1619.4   1.995    1.1 
   1620.5   1.973    1.2 
   1621.7    1.96    1.2 
   1622.9   1.965    1.2 
   1624.1   1.979    1.2 
   1625.3   1.989    1.1 
   1626.4   1.983    1.2 
   1627.6   1.985    1.2 
   1628.8   1.994    1.2 
   1630.0   1.991    1.2 
   1631.2   1.989    1.1 
   1632.3   1.998    1.2 
   1633.5   1.998    1.2 
   1634.7   1.969    1.2 
   1635.9   1.973    1.2 
   1637.1   1.992    1.1 
   1638.2   1.957    1.2 
   1639.4   1.954    1.2 
   1640.6   1.984    1.2 
   1641.8   1.978    1.2 
   1643.0   1.969    1.1 
   1644.1   1.973    1.2 
   1645.3   1.951    1.2 
   1646.5    1.94    1.2 
   1647.7   1.951    1.2 
   1648.9   1.959    1.1 
   1650.0   1.972    1.2 
   1651.2   2.002    1.2 
   1652.4   2.041    1.2 
   1653.6   2.085    1.2 
   1654.8   2.182    1.1 
   1655.9    2.25    1.2 
   1657.1   2.215    1.2 
   1658.3   2.158    1.2 
   1659.5   2.082    1.2 
   1660.7   2.069    1.1 
   1661.8   2.066    1.2 
   1663.0   2.047    1.2 
   1664.2   1.957    1.2 
   1665.4   1.966    1.2 
   1666.6   2.002    1.1 
   1667.7   2.018    1.2 
   1668.9   2.023    1.2 
   1670.1   2.047    1.2 
   1671.3   2.038    1.2 
   1672.5   2.023    1.1 
   1673.6   2.037    1.2 
   1674.8   2.011    1.2 
   1676.0   1.997    1.2 
   1677.2   1.965    1.1 
   1678.3   1.958    1.2 
   1679.5   1.953    1.2 
   1680.7   1.963    1.2 
   1681.9    1.97    1.2 
   1683.1   1.966    1.1 
   1684.2    1.98    1.2 
   1685.4   1.985    1.2 
   1686.6   1.975    1.2 
   1687.8   1.985    1.2 
   1689.0   1.979    1.1 
   1690.1   1.974    1.2 
   1691.3   1.986    1.2 
   1692.5   1.999    1.2 
   1693.7   2.008    1.2 
   1694.9     2.0    1.1 
   1696.0   1.999    1.2 
   1697.2   2.016    1.2 
   1698.4   2.001    1.2 
   1699.6   1.974    1.2 
   1700.8   1.975    1.1 
   1701.9   1.986    1.2 
   1703.1   1.996    1.2 
   1704.3   1.972    1.2 
   1705.5   2.008    1.2 
   1706.7   2.005    1.1 
   1707.8   2.011    1.2 
   1709.0   2.018    1.2 
   1710.2   2.008    1.2 
   1711.4   2.001    1.2 
   1712.6   1.981    1.1 
   1713.7   1.985    1.2 
   1714.9   1.996    1.2 
   1716.1   2.009    1.2 
   1717.3   2.029    1.2 
   1718.5   2.026    1.1 
   1719.6   2.026    1.2 
   1720.8   2.022    1.2 
   1722.0   2.001    1.2 
   1723.2    2.01    1.2 
   1724.4   2.032    1.1 
   1725.5   2.009    1.2 
   1726.7    1.99    1.2 
   1727.9   1.977    1.2 
   1729.1   1.984    1.2 
   1730.3   1.987    1.1 
   1731.4   1.991    1.2 
   1732.6   2.002    1.2 
   1733.8   2.003    1.2 
   1735.0   1.985    1.2 
   1736.2   1.962    1.1 
   1737.3   1.946    1.2 
   1738.5   1.954    1.2 
   1739.7    1.96    1.2 
   1740.9   1.954    1.2 
   1742.1   1.942    1.1 
   1743.2   1.942    1.2 
   1744.4   1.954    1.2 
   1745.6   1.949    1.2 
   1746.8   1.939    1.2 
   1748.0   1.934    1.1 
   1749.1   1.937    1.2 
   1750.3   1.941    1.2 
   1751.5   1.927    1.2 
   1752.7   1.915    1.2 
   1753.9   1.901    1.1 
   1755.0   1.889    1.2 
   1756.2   1.907    1.2 
   1757.4   1.929    1.2 
   1758.6   1.916    1.2 
   1759.8   1.927    1.1 
   1760.9    1.96    1.2 
   1762.1   1.973    1.2 
   1763.3   1.953    1.2 
   1764.5   1.943    1.1 
   1765.6   1.942    1.2 
   1766.8   1.918    1.2 
   1768.0   1.901    1.2 
   1769.2   1.889    1.2 
   1770.4   1.882    1.1 
   1771.5   1.873    1.2 
   1772.7   1.871    1.2 
   1773.9   1.869    1.2 
   1775.1   1.866    1.2 
   1776.3   1.861    1.1 
   1777.4   1.858    1.2 
   1778.6   1.859    1.2 
   1779.8   1.859    1.2 
   1781.0   1.857    1.2 
   1782.2   1.862    1.1 
   1783.3   1.867    1.2 
   1784.5   1.871    1.2 
   1785.7   1.879    1.2 
   1786.9   1.888    1.2 
   1788.1   1.875    1.1 
   1789.2   1.865    1.2 
   1790.4   1.853    1.2 
   1791.6   1.849    1.2 
   1792.8   1.848    1.2 
   1794.0   1.849    1.1 
   1795.1    1.85    1.2 
   1796.3    1.84    1.2 
   1797.5   1.824    1.2 
   1798.7   1.821    1.2 
   1799.9   1.815    1.1 
   1801.0   1.809    1.2 
   1802.2   1.815    1.2 
   1803.4   1.822    1.2 
   1804.6   1.849    1.2 
   1805.8   1.863    1.1 
   1806.9   1.872    1.2 
   1808.1   1.868    1.2 
   1809.3   1.853    1.2 
   1810.5   1.846    1.2 
   1811.7   1.841    1.1 
   1812.8   1.843    1.2 
   1814.0   1.854    1.2 
   1815.2   1.861    1.2 
   1816.4   1.873    1.2 
   1817.6   1.873    1.1 
   1818.7   1.864    1.2 
   1819.9   1.846    1.2 
   1821.1   1.837    1.2 
   1822.3   1.839    1.2 
   1823.5   1.837    1.1 
   1824.6   1.839    1.2 
   1825.8   1.844    1.2 
   1827.0   1.853    1.2 
   1828.2   1.873    1.2 
   1829.4   1.882    1.1 
   1830.5   1.873    1.2 
   1831.7   1.856    1.2 
   1832.9   1.857    1.2 
   1834.1   1.856    1.2 
   1835.3    1.85    1.1 
   1836.4   1.857    1.2 
   1837.6   1.879    1.2 
   1838.8   1.899    1.2 
   1840.0   1.917    1.2 
   1841.2   1.938    1.1 
   1842.3   1.931    1.2 
   1843.5   1.909    1.2 
   1844.7   1.904    1.2 
   1845.9   1.893    1.2 
   1847.1   1.883    1.1 
   1848.2   1.876    1.2 
   1849.4   1.877    1.2 
   1850.6   1.879    1.2 
   1851.8   1.886    1.2 
   1853.0   1.894    1.1 
   1854.1   1.899    1.2 
   1855.3   1.906    1.2 
   1856.5   1.903    1.2 
   1857.7   1.892    1.1 
   1858.8   1.892    1.2 
   1860.0   1.882    1.2 
   1861.2   1.864    1.2 
   1862.4    1.85    1.2 
   1863.6   1.859    1.1 
   1864.7   1.852    1.2 
   1865.9   1.844    1.2 
   1867.1   1.843    1.2 
   1868.3   1.834    1.2 
   1869.5    1.83    1.1 
   1870.6   1.826    1.2 
   1871.8    1.82    1.2 
   1873.0   1.804    1.2 
   1874.2   1.797    1.2 
   1875.4   1.795    1.1 
   1876.5     1.8    1.2 
   1877.7   1.801    1.2 
   1878.9   1.806    1.2 
   1880.1   1.816    1.2 
   1881.3   1.813    1.1 
   1882.4   1.799    1.2 
   1883.6   1.794    1.2 
   1884.8   1.799    1.2 
   1886.0   1.809    1.2 
   1887.2   1.812    1.1 
   1888.3   1.804    1.2 
   1889.5   1.812    1.2 
   1890.7   1.819    1.2 
   1891.9   1.821    1.2 
   1893.1   1.823    1.1 
   1894.2   1.827    1.2 
   1895.4   1.831    1.2 
   1896.6   1.825    1.2 
   1897.8   1.821    1.2 
   1899.0   1.815    1.1 
   1900.1   1.808    1.2 
   1901.3   1.804    1.2 
   1902.5   1.805    1.2 
   1903.7   1.815    1.2 
   1904.9   1.826    1.1 
   1906.0   1.835    1.2 
   1907.2   1.841    1.2 
   1908.4   1.836    1.2 
   1909.6   1.836    1.2 
   1910.8   1.828    1.1 
   1911.9    1.82    1.2 
   1913.1   1.814    1.2 
   1914.3   1.808    1.2 
   1915.5   1.799    1.2 
   1916.7   1.793    1.1 
   1917.8   1.794    1.2 
   1919.0   1.801    1.2 
   1920.2   1.815    1.2 
   1921.4   1.828    1.2 
   1922.6   1.818    1.1 
   1923.7   1.815    1.2 
   1924.9   1.815    1.2 
   1926.1   1.815    1.2 
   1927.3   1.822    1.2 
   1928.5   1.843    1.1 
   1929.6    1.83    1.2 
   1930.8   1.811    1.2 
   1932.0   1.806    1.2 
   1933.2     1.8    1.2 
   1934.4   1.787    1.1 
   1935.5   1.784    1.2 
   1936.7   1.785    1.2 
   1937.9   1.777    1.2 
   1939.1   1.779    1.2 
   1940.3   1.777    1.1 
   1941.4   1.773    1.2 
   1942.6   1.773    1.2 
   1943.8   1.769    1.2 
   1945.0   1.772    1.1 
   1946.1   1.777    1.2 
   1947.3   1.779    1.2 
   1948.5   1.768    1.2 
   1949.7   1.769    1.2 
   1950.9   1.776    1.1 
   1952.0   1.782    1.2 
   1953.2   1.795    1.2 
   1954.4   1.788    1.2 
   1955.6   1.775    1.2 
   1956.8   1.768    1.1 
   1957.9    1.77    1.2 
   1959.1   1.761    1.2 
   1960.3   1.748    1.2 
   1961.5   1.747    1.2 
   1962.7   1.758    1.1 
   1963.8   1.771    1.2 
   1965.0   1.778    1.2 
   1966.2   1.785    1.2 
   1967.4   1.789    1.2 
   1968.6   1.782    1.1 
   1969.7   1.776    1.2 
   1970.9   1.775    1.2 
   1972.1    1.78    1.2 
   1973.3   1.786    1.2 
   1974.5   1.789    1.1 
   1975.6   1.795    1.2 
   1976.8   1.803    1.2 
   1978.0   1.807    1.2 
   1979.2   1.822    1.2 
   1980.4   1.823    1.1 
   1981.5   1.828    1.2 
   1982.7   1.833    1.2 
   1983.9   1.844    1.2 
   1985.1   1.705    1.8 
   1986.9   1.703    1.9 
   1988.8   1.702    1.9 
   1990.7   1.758    1.8 
   1992.5   1.739    1.9 
   1994.4    1.69    1.9 
   1996.3   1.743    1.8 
   1998.1   1.716   2.55 
  2000.65   1.695    1.9 
  2002.55   1.719    1.9 
  2004.45    1.69    1.8 
  2006.25   1.746    1.9 
  2008.15   1.688    1.9 
  2010.05   1.665    1.8 
  2011.85   1.748    1.9 
  2013.75    1.75    1.9 
  2015.65   1.631    1.8 
  2017.45   1.668    1.9 
  2019.35   1.695    1.9 
  2021.25   1.767    1.9 
  2023.15   1.692    1.8 
  2024.95   1.684    1.9 
  2026.85   1.692    1.9 
  2028.75   1.706    1.8 
  2030.55   1.737    1.9 
  2032.45   1.671    1.9 
  2034.35   1.679    1.8 
  2036.15   1.704    1.9 
  2038.05   1.678    1.9 
  2039.95   1.792   1.81 
  2041.76   1.749    1.9 
  2043.66   1.623    1.9 
  2045.56   1.699    1.9 
  2047.46   1.715    1.8 
  2049.26   1.685    1.9 
  2051.16   1.692    1.9 
  2053.06   1.666    1.8 
  2054.86   1.623    1.9 
  2056.76   1.599    1.9 
  2058.66   1.601    1.8 
  2060.46   1.652    1.9 
  2062.36   1.721    1.9 
  2064.26   1.745    1.8 
  2066.06    1.66    1.9 
  2067.96   1.671    1.9 
  2069.86   1.717    1.9 
  2071.76   1.716    1.8 
  2073.56   1.722    1.9 
  2075.46   1.631    1.9 
  2077.36   1.525    1.8 
  2079.16   1.543    1.9 
  2081.06   1.612    1.9 
  2082.96   1.696    1.8 
  2084.76   1.613    1.9 
  2086.66   1.607    1.9 
  2088.56   1.723    1.8 
  2090.36   1.725   1.91 
  2092.27     1.6    1.9 
  2094.17   1.583    1.9 
  2096.07    1.68    1.8 
  2097.87   1.654    1.9 
  2099.77   1.675    1.9 
  2101.67   1.696    1.8 
  2103.47   1.644    1.9 
  2105.37   1.647    1.9 
  2107.27   1.679    1.8 
  2109.07   1.703    1.9 
  2110.97   1.628    1.9 
  2112.87   1.679    1.8 
  2114.67   1.714    1.9 
  2116.57   1.659    1.9 
  2118.47   1.665    1.9 
  2120.37    1.63    1.8 
  2122.17   1.532    1.9 
  2124.07   1.616    1.9 
  2125.97   1.676    1.8 
  2127.77   1.605    1.9 
  2129.67   1.596    1.9 
  2131.57   1.741    1.8 
  2133.37   1.832    1.9 
  2135.27   1.865    1.9 
  2137.17   1.737    1.8 
  2138.97   1.667    1.9 
  2140.87   1.693   1.91 
  2142.78   1.726    1.9 
  2144.68   1.717    1.8 
  2146.48   1.715    1.9 
  2148.38   1.673    1.9 
  2150.28   1.694    1.8 
  2152.08   1.684    1.9 
  2153.98   1.665    1.9 
  2155.88   1.672    1.8 
  2157.68   1.661    1.9 
  2159.58   1.655    1.9 
  2161.48   1.665    1.9 
  2163.38   1.744    1.8 
  2165.18   1.735    1.9 
  2167.08   1.713    1.9 
  2168.98   1.733    1.8 
  2170.78   1.695    1.9 
  2172.68   1.732    1.9 
  2174.58   1.689    1.8 
  2176.38   1.676    1.9 
  2178.28   1.677    1.9 
  2180.18   1.736    1.8 
  2181.98   1.696    1.9 
  2183.88   1.679    1.9 
  2185.78   1.635    1.9 
  2187.68   1.606    1.8 
  2189.48   1.632   1.91 
  2191.39   1.741    1.9 
  2193.29    1.75    1.8 
  2195.09   1.697    1.9 
  2196.99   1.667    1.9 
  2198.89   1.612    1.8 
  2200.69   1.618    1.9 
  2202.59   1.659    1.9 
  2204.49    1.65    1.8 
  2206.29   1.663    1.9 
  2208.19   1.631    1.9 
  2210.09   1.648    1.9 
  2211.99   1.687    1.8 
  2213.79   1.739    1.9 
  2215.69    1.69    1.9 
  2217.59   1.675    1.8 
  2219.39   1.725    1.9 
  2221.29    1.67    1.9 
  2223.19   1.681    1.8 
  2224.99   1.679    1.9 
  2226.89   1.725    1.9 
  2228.79   1.736    1.8 
  2230.59   1.691    1.9 
  2232.49   1.654    1.9 
  2234.39   1.631   1.91 
   2236.3   1.636   1.79 
  2238.09   1.666   1.91 
   2240.0    1.61    1.9 
   2241.9   1.637    1.8 
   2243.7   1.705    1.9 
   2245.6   1.682    1.9 
   2247.5   1.654    1.8 
   2249.3   1.651    1.9 
   2251.2   1.739    1.9 
   2253.1   1.752    1.8 
   2254.9   1.674    1.9 
   2256.8   1.691    1.9 
   2258.7   1.757    1.9 
   2260.6   1.747    1.8 
   2262.4   1.732    1.9 
   2264.3    1.74    1.9 
   2266.2   1.678    1.8 
   2268.0   1.664    1.9 
   2269.9   1.721    1.9 
   2271.8   1.741    1.8 
   2273.6   1.667    1.9 
   2275.5   1.594    1.9 
   2277.4   1.605    1.8 
   2279.2   1.674    1.9 
   2281.1     1.7    1.9 
   2283.0   1.638   1.91 
  2284.91   1.617    1.8 
  2286.71   1.563    1.9 
  2288.61   1.605    1.9 
  2290.51   1.642    1.8 
  2292.31    1.67    1.9 
  2294.21   1.675    1.9 
  2296.11   1.623    1.8 
  2297.91   1.598    1.9 
  2299.81   1.675    1.9 
  2301.71   1.765    1.9 
  2303.61   1.723    1.8 
  2305.41   1.655    1.9 
  2307.31   1.684    1.9 
  2309.21   1.674    1.8 
  2311.01   1.675    1.9 
  2312.91   1.682    1.9 
  2314.81   1.638    1.8 
  2316.61   1.687    1.9 
  2318.51   1.694    1.9 
  2320.41   1.728    1.8 
  2322.21   1.726    1.9 
  2324.11   1.655    1.9 
  2326.01   1.592    1.9 
  2327.91   1.619   1.81 
  2329.72   1.648    1.9 
  2331.62   1.703    1.9 
  2333.52   1.756    1.8 
  2335.32   1.715    1.9 
  2337.22   1.653    1.9 
  2339.12   1.625    1.8 
  2340.92   1.664    1.9 
  2342.82   1.712    1.9 
  2344.72   1.754    1.8 
  2346.52   1.796    1.9 
  2348.42   1.788    1.9 
  2350.32   1.717    1.9 
  2352.22    1.67    1.8 
  2354.02   1.709    1.9 
  2355.92   1.745    1.9 
  2357.82   1.758    1.8 
  2359.62   1.696    1.9 
  2361.52   1.687    1.9 
  2363.42   1.754    1.8 
  2365.22   1.783    1.9 
  2367.12   1.706    1.9 
  2369.02   1.706    1.8 
  2370.82   1.727    1.9 
  2372.72     1.7   1.91 
  2374.63   1.711    1.9 
  2376.53   1.689    1.8 
  2378.33   1.708    1.9 
  2380.23   1.771    1.9 
  2382.13   1.776    1.8 
  2383.93   1.791    1.9 
  2385.83   1.843    1.9 
  2387.73   1.815    1.8 
  2389.53   1.762    1.9 
  2391.43   1.754    1.9 
  2393.33   1.726    1.8 
  2395.13   1.681    1.9 
  2397.03   1.735    1.9 
  2398.93   1.757    1.9 
  2400.83   1.767    1.8 
  2402.63   1.772    1.9 
  2404.53   1.738    1.9 
  2406.43   1.727    1.8 
  2408.23   1.738    1.9 
  2410.13   1.755    1.9 
  2412.03   1.739    1.8 
  2413.83   1.757    1.9 
  2415.73   1.788   1.91 
  2417.64   1.754    1.8 
  2419.44   1.691    1.9 
  2421.34   1.672    1.9 
  2423.24   1.687    1.9 
  2425.14   1.684    1.8 
  2426.94   1.685    1.9 
  2428.84   1.678    1.9 
  2430.74   1.681    1.8 
  2432.54   1.702    1.9 
  2434.44   1.705    1.9 
  2436.34   1.729    1.8 
  2438.14   1.743    1.9 
  2440.04   1.711    1.9 
  2441.94   1.634    1.9 
  2443.84   1.606    1.8 
  2445.64    1.63    1.9 
  2447.54   1.651    1.9 
  2449.44   1.684    1.8 
  2451.24   1.687    1.9 
  2453.14   1.638    1.9 
  2455.04   1.611    1.8 
  2456.84   1.649    1.9 
  2458.74    1.69    1.9 
  2460.64   1.659   1.81 
  2462.45   1.672    1.9 
  2464.35    1.69    1.9 
  2466.25   1.692    1.9 
  2468.15   1.701    1.8 
  2469.95   1.647    1.9 
  2471.85   1.651    1.9 
  2473.75   1.653    1.8 
  2475.55   1.666    1.9 
  2477.45   1.651    1.9 
  2479.35   1.645    1.8 
  2481.15   1.651    1.9 
  2483.05   1.682    1.9 
  2484.95   1.644    1.8 
  2486.75   1.621    1.9 
  2488.65   1.618    1.9 
  2490.55   1.591    1.9 
  2492.45   1.628    1.8 
  2494.25   1.667    1.9 
  2496.15   1.621    1.9 
  2498.05   1.579    1.8 
  2499.85   1.584    1.9 
  2501.75   1.565    1.9 
  2503.65   1.557   1.81 
  2505.46   1.569    1.9 
  2507.36   1.597    1.9 
  2509.26    1.64    1.8 
  2511.06   1.593    1.9 
  2512.96   1.599    1.9 
  2514.86   1.603    1.9 
  2516.76   1.605    1.8 
  2518.56     1.6    1.9 
  2520.46   1.576    1.9 
  2522.36   1.622    1.8 
  2524.16   1.661    1.9 
  2526.06   1.666    1.9 
  2527.96   1.683    1.8 
  2529.76   1.729    1.9 
  2531.66   1.736    1.9 
  2533.56   1.652    1.8 
  2535.36   1.586    1.9 
  2537.26    1.66    1.9 
  2539.16   1.727    1.9 
  2541.06   1.735    1.8 
  2542.86   1.696    1.9 
  2544.76   1.639    1.9 
  2546.66   1.663   1.81 
  2548.47   1.677    1.9 
  2550.37   1.674    1.9 
  2552.27   1.652    1.8 
  2554.07   1.636    1.9 
  2555.97   1.595    1.9 
  2557.87   1.565    1.8 
  2559.67   1.544    1.9 
  2561.57   1.598    1.9 
  2563.47   1.604    1.9 
  2565.37   1.613    1.8 
  2567.17   1.624    1.9 
  2569.07   1.563    1.9 
  2570.97   1.539    1.8 
  2572.77   1.544    1.9 
  2574.67   1.534    1.9 
  2576.57   1.542    1.8 
  2578.37   1.559    1.9 
  2580.27   1.561    1.9 
  2582.17   1.573    1.9 
  2584.07   1.544    1.8 
  2585.87   1.571    1.9 
  2587.77   1.562    1.9 
  2589.67   1.547    1.8 
  2591.47   1.547   1.91 
  2593.38   1.576    1.9 
  2595.28   1.557    1.8 
  2597.08   1.515    1.9 
  2598.98   1.502    1.9 
  2600.88   1.577    1.8 
  2602.68   1.598    1.9 
  2604.58   1.539    1.9 
  2606.48   1.521    1.9 
  2608.38   1.554    1.8 
  2610.18   1.614    1.9 
  2612.08   1.605    1.9 
  2613.98   1.574    1.8 
  2615.78    1.53    1.9 
  2617.68   1.531    1.9 
  2619.58   1.549    1.8 
  2621.38   1.532    1.9 
  2623.28   1.499    1.9 
  2625.18   1.504    1.8 
  2626.98   1.513    1.9 
  2628.88    1.55    1.9 
  2630.78   1.583    1.9 
  2632.68   1.604   1.81 
  2634.49   1.591    1.9 
  2636.39   1.526    1.9 
  2638.29   1.451    1.8 
  2640.09   1.435    1.9 
  2641.99   1.465    1.9 
  2643.89   1.452    1.8 
  2645.69   1.425    1.9 
  2647.59   1.425    1.9 
  2649.49   1.446    1.8 
  2651.29   1.444    1.9 
  2653.19   1.398    1.9 
  2655.09   1.393    1.9 
  2656.99    1.45    1.8 
  2658.79   1.455    1.9 
  2660.69   1.445    1.9 
  2662.59   1.457    1.8 
  2664.39   1.491    1.9 
  2666.29   1.503    1.9 
  2668.19   1.517    1.8 
  2669.99   1.509    1.9 
  2671.89   1.508    1.9 
  2673.79   1.494    1.8 
  2675.59   1.482   1.91 
   2677.5   1.471    1.9 
   2679.4   1.464    1.9 
   2681.3   1.477    1.8 
   2683.1   1.472    1.9 
   2685.0   1.452    1.9 
   2686.9   1.446    1.8 
   2688.7    1.48    1.9 
   2690.6   1.494    1.9 
   2692.5   1.493    1.8 
   2694.3   1.495    1.9 
   2696.2   1.473    1.9 
   2698.1   1.484    1.8 
   2699.9   1.498    1.9 
   2701.8   1.503    1.9 
   2703.7   1.511    1.9 
   2705.6   1.505    1.8 
   2707.4   1.495    1.9 
   2709.3   1.489    1.9 
   2711.2   1.492    1.8 
   2713.0     1.5    1.9 
   2714.9   1.506    1.9 
   2716.8   1.504   1.81 
  2718.61    1.49    1.9 
  2720.51   1.477    1.9 
  2722.41   1.454    1.9 
  2724.31   1.467    1.8 
  2726.11   1.486    1.9 
  2728.01   1.523    1.9 
  2729.91   1.508    1.8 
  2731.71   1.469    1.9 
  2733.61    1.44    1.9 
  2735.51   1.412    1.8 
  2737.31   1.404    1.9 
  2739.21   1.428    1.9 
  2741.11   1.473    1.8 
  2742.91   1.511    1.9 
  2744.81   1.531    1.9 
  2746.71   1.514    1.9 
  2748.61   1.531    1.8 
  2750.41   1.556    1.9 
  2752.31    1.57    1.9 
  2754.21   1.525    1.8 
  2756.01   1.522    1.9 
  2757.91   1.508   1.91 
  2759.82   1.502    1.8 
  2761.62   1.507    1.9 
  2763.52   1.487    1.9 
  2765.42    1.47    1.8 
  2767.22   1.463    1.9 
  2769.12   1.467    1.9 
  2771.02    1.48    1.9 
  2772.92   1.471    1.8 
  2774.72    1.46    1.9 
  2776.62    1.45    1.9 
  2778.52   1.458    1.8 
  2780.32   1.485    1.9 
  2782.22   1.509    1.9 
  2784.12   1.488    1.8 
  2785.92   1.469    1.9 
  2787.82   1.457    1.9 
  2789.72    1.47    1.8 
  2791.52   1.499    1.9 
  2793.42   1.535    1.9 
  2795.32   1.592    1.9 
  2797.22   1.692    1.8 
  2799.02   1.753   1.91 
  2800.93   1.709    1.9 
  2802.83   1.655    1.8 
  2804.63   1.636    1.9 
  2806.53   1.615    1.9 
  2808.43   1.517    1.8 
  2810.23   1.424    1.9 
  2812.13   1.401    1.9 
  2814.03   1.413    1.8 
  2815.83   1.416    1.9 
  2817.73   1.407    1.9 
  2819.63   1.386    1.9 
  2821.53   1.381    1.8 
  2823.33    1.38    1.9 
  2825.23   1.367    1.9 
  2827.13   1.373    1.8 
  2828.93   1.392    1.9 
  2830.83   1.411    1.9 
  2832.73   1.445    1.8 
  2834.53    1.43    1.9 
  2836.43   1.421    1.9 
  2838.33   1.433   1.81 
  2840.14   1.414    1.9 
  2842.04   1.419    1.9 
  2843.94   1.435    1.9 
  2845.84   1.452    1.8 
  2847.64   1.443    1.9 
  2849.54   1.423    1.9 
  2851.44    1.42    1.8 
  2853.24   1.418    1.9 
  2855.14   1.431    1.9 
  2857.04   1.432    1.8 
  2858.84   1.432    1.9 
  2860.74   1.425    1.9 
  2862.64   1.412    1.9 
  2864.54   1.428    1.8 
  2866.34   1.441    1.9 
  2868.24    1.45    1.9 
  2870.14   1.454    1.8 
  2871.94   1.452    1.9 
  2873.84   1.443    1.9 
  2875.74   1.441    1.8 
  2877.54   1.428    1.9 
  2879.44    1.43    1.9 
  2881.34   1.433   1.81 
  2883.15   1.417    1.9 
  2885.05   1.398    1.9 
  2886.95   1.396    1.9 
  2888.85   1.381    1.8 
  2890.65   1.392    1.9 
  2892.55   1.415    1.9 
  2894.45   1.429    1.8 
  2896.25   1.435    1.9 
  2898.15   1.413    1.9 
  2900.05   1.382    1.8 
  2901.85   1.369    1.9 
  2903.75   1.348    1.9 
  2905.65   1.329    1.8 
  2907.45   1.338    1.9 
  2909.35   1.347    1.9 
  2911.25    1.35    1.9 
  2913.15   1.346    1.8 
  2914.95   1.348    1.9 
  2916.85   1.352    1.9 
  2918.75   1.352    1.8 
  2920.55   1.338   1.91 
  2922.46   1.331    1.9 
  2924.36   1.355    1.8 
  2926.16   1.371    1.9 
  2928.06   1.376    1.9 
  2929.96   1.383    1.8 
  2931.76   1.383    1.9 
  2933.66   1.385    1.9 
  2935.56   1.397    1.9 
  2937.46   1.404    1.8 
  2939.26   1.378    1.9 
  2941.16   1.381    1.9 
  2943.06   1.381    1.8 
  2944.86   1.364    1.9 
  2946.76    1.36    1.9 
  2948.66   1.374    1.8 
  2950.46   1.354    1.9 
  2952.36   1.351    1.9 
  2954.26   1.365    1.8 
  2956.06   1.355    1.9 
  2957.96   1.334    1.9 
  2959.86   1.312    1.9 
  2961.76   1.322   1.81 
  2963.57   1.342    1.9 
  2965.47   1.346    1.9 
  2967.37   1.333    1.8 
  2969.17   1.327    1.9 
  2971.07   1.332    1.9 
  2972.97   1.341    1.8 
  2974.77   1.322    1.9 
  2976.67    1.32    1.9 
  2978.57    1.34    1.8 
  2980.37   1.337    1.9 
  2982.27   1.336    1.9 
  2984.17   1.332    1.9 
  2986.07   1.337    1.8 
  2987.87   1.345    1.9 
  2989.77   1.323    1.9 
  2991.67   1.309    1.8 
  2993.47     1.3    1.9 
  2995.37   1.302    1.9 
  2997.27   1.298    1.8 
  2999.07   1.328    1.9 
  3000.97   1.334   1.91 
  3002.88   1.324    1.9 
  3004.78   1.306    1.8 
  3006.58   1.296    1.9 
  3008.48   1.301    1.9 
  3010.38   1.298    1.8 
  3012.18   1.293    1.9 
  3014.08   1.315    1.9 
  3015.98   1.316    1.8 
  3017.78   1.303    1.9 
  3019.68   1.293    1.9 
  3021.58   1.294    1.8 
  3023.38    1.29    1.9 
  3025.28   1.284    1.9 
  3027.18   1.287    1.9 
  3029.08   1.299    1.8 
  3030.88   1.286    1.9 
  3032.78    1.29    1.9 
  3034.68   1.287    1.8 
  3036.48   1.285    1.9 
  3038.38   1.285    1.9 
  3040.28   1.279    1.8 
  3042.08   1.282   1.91 
  3043.99   1.294    1.9 
  3045.89    1.31    1.8 
  3047.69   1.312    1.9 
  3049.59    1.31    1.9 
  3051.49   1.323    1.9 
  3053.39   1.346    1.8 
  3055.19   1.334    1.9 
  3057.09    1.32    1.9 
  3058.99   1.313    1.8 
  3060.79   1.299    1.9 
  3062.69   1.329    1.9 
  3064.59   1.345    1.8 
  3066.39   1.339    1.9 
  3068.29   1.325    1.9 
  3070.19   1.326    1.8 
  3071.99   1.342    1.9 
  3073.89   1.344    1.9 
  3075.79    1.34    1.9 
  3077.69   1.332    1.8 
  3079.49   1.333    1.9 
  3081.39   1.331    1.9 
  3083.29   1.325   1.81 
   3085.1    1.31    1.9 
   3087.0   1.311    1.9 
   3088.9   1.313    1.8 
   3090.7   1.313    1.9 
   3092.6   1.349    1.9 
   3094.5   1.352    1.8 
   3096.3    1.32    1.9 
   3098.2   1.312    1.9 
   3100.1   1.319    1.9 
   3102.0   1.327    1.8 
   3103.8   1.331    1.9 
   3105.7   1.329    1.9 
   3107.6   1.323    1.8 
   3109.4   1.308    1.9 
   3111.3   1.295    1.9 
   3113.2   1.299    1.8 
   3115.0    1.31    1.9 
   3116.9   1.325    1.9 
   3118.8   1.334    1.8 
   3120.6   1.331    1.9 
   3122.5   1.336   1.91 
  3124.41   1.327    1.9 
  3126.31   1.315    1.8 
  3128.11   1.302    1.9 
  3130.01     1.3    1.9 
  3131.91   1.306    1.8 
  3133.71   1.305    1.9 
  3135.61   1.305    1.9 
  3137.51   1.292    1.8 
  3139.31   1.282    1.9 
  3141.21   1.273    1.9 
  3143.11    1.26    1.9 
  3145.01   1.264    1.8 
  3146.81   1.279    1.9 
  3148.71   1.296    1.9 
  3150.61   1.301    1.8 
  3152.41   1.309    1.9 
  3154.31   1.318    1.9 
  3156.21   1.316    1.8 
  3158.01   1.317    1.9 
  3159.91   1.307    1.9 
  3161.81     1.3    1.8 
  3163.61   1.297   1.91 
  3165.52   1.289    1.9 
  3167.42   1.277    1.9 
  3169.32   1.277    1.8 
  3171.12   1.274    1.9 
  3173.02   1.268    1.9 
  3174.92   1.272    1.8 
  3176.72   1.285    1.9 
  3178.62   1.293    1.9 
  3180.52     1.3    1.8 
  3182.32   1.295    1.9 
  3184.22   1.282    1.9 
  3186.12   1.284    1.8 
  3187.92    1.29    1.9 
  3189.82   1.272    1.9 
  3191.72   1.268    1.9 
  3193.62   1.282    1.8 
  3195.42   1.285    1.9 
  3197.32   1.281    1.9 
  3199.22   1.286    1.8 
  3201.02   1.295   1.91 
  3202.93   1.293    1.9 
  3204.83   1.259    1.8 
  3206.63   1.254    1.9 
  3208.53   1.279    1.9 
  3210.43   1.293    1.8 
  3212.23   1.293    1.9 
  3214.13   1.279    1.9 
  3216.03   1.269    1.9 
  3217.93   1.264    1.8 
  3219.73   1.267    1.9 
  3221.63   1.267    1.9 
  3223.53   1.272    1.8 
  3225.33   1.276    1.9 
  3227.23   1.282    1.9 
  3229.13   1.288    1.8 
  3230.93   1.286    1.9 
  3232.83   1.282    1.9 
  3234.73   1.277    1.8 
  3236.53   1.273    1.9 
  3238.43   1.269    1.9 
  3240.33   1.279   1.91 
  3242.24   1.284    1.8 
  3244.04   1.285    1.9 
  3245.94    1.29    1.9 
  3247.84   1.294    1.8 
  3249.64   1.286    1.9 
  3251.54   1.282    1.9 
  3253.44   1.269    1.8 
  3255.24   1.255    1.9 
  3257.14   1.282    1.9 
  3259.04   1.288    1.8 
  3260.84   1.271    1.9 
  3262.74   1.251    1.9 
  3264.64   1.239    1.9 
  3266.54   1.224    1.8 
  3268.34   1.242    1.9 
  3270.24   1.253    1.9 
  3272.14   1.258    1.8 
  3273.94   1.243    1.9 
  3275.84   1.241    1.9 
  3277.74   1.262    1.8 
  3279.54   1.288    1.9 
  3281.44   1.275   1.91 
  3283.35   1.259    1.9 
  3285.25   1.266    1.8 
  3287.05   1.278    1.9 
  3288.95   1.273    1.9 
  3290.85   1.268    1.8 
  3292.65   1.259    1.9 
  3294.55   1.263    1.9 
  3296.45   1.272    1.8 
  3298.25   1.265    1.9 
  3300.15   1.258    0.8 
  3300.95   1.198  25.01 
  3325.96   1.202   25.0 
  3350.96   1.199  25.01 
  3375.97   1.184  25.01 
  3400.98    1.17   25.0 
  3425.98   1.165  25.01 
  3450.99   1.163   25.0 
  3475.99   1.158  25.01 
   3501.0   1.151  25.01 
  3526.01   1.139   25.0 
  3551.01   1.127  25.01 
  3576.02   1.119  25.01 
  3601.03   1.109   25.0 
  3626.03   1.099  25.01 
  3651.04    1.08  25.01 
  3676.05   1.062   25.0 
  3701.05   1.044  25.01 
  3726.06   0.991  25.01 
  3751.07   0.828   25.0 
  3776.07   0.653  25.01 
  3801.08   0.474  25.01 
  3826.09   0.329   25.0 
  3851.09   0.164  25.01 
   3876.1   0.037   25.0 
   3901.1   0.039  25.01 
  3926.11  -0.091  25.01 
  3951.12  -0.019   25.0 
  3976.12   0.021  25.01 
  4001.13  -0.172  25.01 
  4026.14  -0.271   25.0 
  4051.14  -0.273  25.01 
  4076.15   -0.12  25.01 
  4101.16   0.005   25.0 
  4126.16  -0.104  25.01 
  4151.17  -0.238  25.01 
  4176.18  -0.238   25.0 
  4201.18  -0.236  25.01 
  4226.19  -0.237  25.01 
   4251.2  -0.229   25.0 
   4276.2  -0.209  25.01 
  4301.21  -0.128  25.01 
  4326.22   0.048   25.0 
  4351.22   0.032  25.01 
  4376.23  -0.104  25.01 
  4401.24  -0.188   25.0 
  4426.24  -0.188  25.01 
  4451.25  -0.184  25.01 
  4476.26  -0.178   25.0 
  4501.26  -0.173  25.01 
  4526.27  -0.161  25.01 
  4551.28  -0.129   25.0 
  4576.28  -0.149  25.01 
  4601.29  -0.151  25.01 
   4626.3  -0.149   25.0 
   4651.3  -0.144  25.01 
  4676.31  -0.135  25.01 
  4701.32  -0.127   25.0 
  4726.32  -0.118  25.01 
  4751.33  -0.108  25.01 
  4776.34  -0.102   25.0 
  4801.34  -0.092  25.01 
  4826.35  -0.019  25.01 
  4851.36   0.138   25.0 
  4876.36   0.122  25.01 
  4901.37  -0.007  25.01 
  4926.38  -0.078   25.0 
  4951.38  -0.075  25.01 
  4976.39  -0.066  25.01 
   5001.4  -0.062   25.0 
   5026.4  -0.056  25.01 
  5051.41   -0.05  25.01 
  5076.42  -0.046   25.0 
  5101.42  -0.041  25.01 
  5126.43  -0.037  25.01 
  5151.44  -0.031   25.0 
  5176.44  -0.027  25.01 
  5201.45  -0.021  25.01 
  5226.46  -0.019   25.0 
  5251.46  -0.014  25.01 
  5276.47  -0.011  25.01 
  5301.48  -0.006   25.0 
  5326.48  -0.007  25.01 
  5351.49  -0.003  25.01 
   5376.5   0.002   25.0 
   5401.5   0.005  25.01 
  5426.51    0.01  25.01 
  5451.52   0.015   25.0 
  5476.52   0.019  25.01 
  5501.53   0.027  25.01 
  5526.54   0.032   25.0 
  5551.54   0.035  25.01 
  5576.55   0.035  25.01 
  5601.56   0.041   25.0 
  5626.56    0.05  25.01 
  5651.57   0.057  25.01 
  5676.58   0.062   25.0 
  5701.58   0.068  25.01 
  5726.59    0.07  25.01 
   5751.6   0.075   25.0 
   5776.6   0.081  25.01 
  5801.61   0.087  25.01 
  5826.62   0.085   25.0 
  5851.62   0.095  25.01 
  5876.63   0.101  25.01 
  5901.64   0.108   25.0 
  5926.64   0.114  25.01 
  5951.65   0.121  25.01 
  5976.66   0.126   25.0 
  6001.66   0.134  25.01 
  6026.67   0.139  25.01 
  6051.68   0.143   25.0 
  6076.68   0.145  25.01 
  6101.69   0.148  25.01 
   6126.7   0.154   25.0 
   6151.7    0.16  25.01 
  6176.71   0.167  25.01 
  6201.72   0.173   25.0 
  6226.72   0.179  25.01 
  6251.73   0.186  25.01 
  6276.74   0.187   25.0 
  6301.74    0.19  25.01 
  6326.75   0.197  25.01 
  6351.76   0.198   25.0 
  6376.76   0.195  25.01 
  6401.77   0.195  25.01 
  6426.78   0.203   25.0 
  6451.78   0.209  25.01 
  6476.79   0.216  25.01 
   6501.8   0.227  25.01 
  6526.81   0.317   25.0 
  6551.81   0.416  25.01 
  6576.82   0.452  25.01 
  6601.83   0.327   25.0 
  6626.83   0.235  25.01 
  6651.84   0.239  25.01 
  6676.85   0.243   25.0 
  6701.85   0.246  25.01 
  6726.86   0.247  25.01 
  6751.87   0.251   25.0 
  6776.87   0.256  25.01 
  6801.88   0.261  25.01 
  6826.89   0.268   25.0 
  6851.89   0.276  25.01 
   6876.9    0.28  25.01 
  6901.91   0.288   25.0 
  6926.91   0.294  25.01 
  6951.92   0.292  25.01 
  6976.93   0.296   25.0 
  7001.93   0.295  25.01 
  7026.94   0.301  25.01 
  7051.95   0.307   25.0 
  7076.95   0.313  25.01 
  7101.96   0.318  25.01 
  7126.97   0.325  25.01 
  7151.98   0.332   25.0 
  7176.98   0.335  25.01 
  7201.99   0.337   25.0 
  7226.99    0.34  25.01 
   7252.0   0.343  25.01 
  7277.01    0.35  25.01 
  7302.02   0.357   25.0 
  7327.02   0.361  25.01 
  7352.03   0.365  25.01 
  7377.04   0.367   25.0 
  7402.04   0.368  25.01 
  7427.05   0.372  25.01 
  7452.06   0.377   25.0 
  7477.06   0.381  25.01 
  7502.07   0.385  25.01 
  7527.08    0.39   25.0 
  7552.08   0.392  25.01 
  7577.09     0.4  25.01 
   7602.1   0.401   25.0 
   7627.1   0.409  25.01 
  7652.11    0.41  25.01 
  7677.12   0.411   25.0 
  7702.12   0.421  25.01 
  7727.13   0.422  25.01 
  7752.14   0.423   25.0 
  7777.14   0.432  25.01 
  7802.15   0.434  25.01 
  7827.16   0.435   25.0 
  7852.16   0.436  25.01 
  7877.17   0.439  25.01 
  7902.18   0.441  25.01 
  7927.19   0.452   25.0 
  7952.19   0.454  25.01 
   7977.2   0.457  25.01 
  8002.21   0.459   25.0 
  8027.21   0.462  25.01 
  8052.22   0.464  25.01 
  8077.23   0.467   25.0 
  8102.23    0.47  25.01 
  8127.24   0.473  25.01 
  8152.25   0.476   25.0 
  8177.25    0.49  25.01 
  8202.26   0.494  25.01 
  8227.27   0.497   25.0 
  8252.27   0.501  25.01 
  8277.28   0.506  25.01 
  8302.29    0.51   25.0 
  8327.29   0.514  25.01 
   8352.3   0.519  25.01 
  8377.31   0.523   25.0 
  8402.31   0.528  25.01 
  8427.32   0.544  25.01 
  8452.33   0.549   25.0 
  8477.33   0.554  25.01 
  8502.34    0.56  25.01 
  8527.35   0.577   25.0 
  8552.35   0.583  25.01 
  8577.36   0.602  25.01 
  8602.37   0.621   25.0 
  8627.37   0.564  25.01 
  8652.38   0.499  25.01 
  8677.39   0.446   25.0 
  8702.39   0.441  25.01 
   8727.4   0.589  25.01 
  8752.41   0.622   25.0 
  8777.41   0.479  25.01 
  8802.42   0.427  25.01 
  8827.43   0.539   25.0 
  8852.43   0.638  25.01 
  8877.44   0.502  25.01 
  8902.45   0.448  25.01 
  8927.46   0.442   25.0 
  8952.46   0.448  25.01 
  8977.47   0.553  25.01 
  9002.48   0.764   25.0 
  9027.48   0.758  25.01 
  9052.49   0.575  25.01 
   9077.5   0.503   25.0 
   9102.5    0.51  25.01 
  9127.51    0.53  25.01 
  9152.52   0.621   25.0 
  9177.52   0.722  25.01 
  9202.53   0.834  25.01 
  9227.54   0.846   25.0 
  9252.54    0.72  25.01 
  9277.55   0.549  25.01 
  9302.56   0.502   25.0 
  9327.56    0.51  25.01 
  9352.57   0.518  25.01 
  9377.58   0.526   25.0 
  9402.58    0.52  25.01 
  9427.59   0.542  25.01 
   9452.6    0.58   25.0 
   9477.6   0.667  25.01 
  9502.61     0.8  25.01 
  9527.62   0.909   25.0 
  9552.62   0.905  25.01 
  9577.63   0.711  25.01 
  9602.64   0.591  25.01 
  9627.65    0.54   25.0 
  9652.65    0.52  25.01 
  9677.66   0.529  25.01 
  9702.67   0.523   25.0 
  9727.67   0.548  25.01 
  9752.68   0.573  25.01 
  9777.69   0.583   25.0 
  9802.69   0.593  25.01 
   9827.7   0.604  25.01 
  9852.71   0.598   25.0 
  9877.71   0.593  25.01 
  9902.72   0.603  25.01 
  9927.73   0.614   25.0 
  9952.73   0.661  25.01 
  9977.74    0.71  25.01 
 10002.75   0.782   25.0 
 10027.75   0.904  25.01 
 10052.76   1.018  25.01 
 10077.77   0.806  25.01 
 10102.78    0.74   25.0 
 10127.78   0.677  25.01 
 10152.79   0.651  25.01 
  10177.8   0.628   25.0 
  10202.8   0.605  25.01 
 10227.81   0.618  25.01 
 10252.82   0.612   25.0 
 10277.82   0.623  25.01 
 10302.83   0.617  25.01 
 10327.84    0.63   25.0 
 10352.84   0.624  25.01 
 10377.85   0.636  25.01 
 10402.86    0.63   25.0 
 10427.86   0.643  25.01 
 10452.87   0.637  25.01 
 10477.88    0.65   25.0 
 10502.88   0.645   25.0 
