# LTT1788 from Hamuy,
# corrected for atmospheric absorption by ALG
#
    3000.000     16.09982      4.20000
    3004.200     16.57382      4.20000
    3008.400     18.08527      4.20000
    3016.800     17.44737      4.20000
    3021.000     16.49057      4.20000
    3025.200     16.08725      4.20000
    3029.400     16.01929      4.20000
    3033.600     16.19009      4.20000
    3037.800     16.34075      4.20000
    3042.000     16.31672      4.20000
    3046.200     16.09792      4.20000
    3050.400     15.82953      4.20000
    3054.600     15.66107      4.20000
    3058.800     15.94830      4.20000
    3063.000     16.63110      4.20000
    3067.200     16.48863      4.20000
    3071.400     16.13729      4.20000
    3075.600     15.89510      4.20000
    3079.800     15.78235      4.20000
    3084.000     15.75595      4.20000
    3088.200     15.69587      4.20000
    3092.400     15.64417      4.20000
    3096.600     15.64611      4.20000
    3100.800     15.67220      4.20000
    3105.000     15.70298      4.20000
    3109.200     15.63883      4.20000
    3113.400     15.47135      4.20000
    3117.600     15.33464      4.20000
    3121.800     15.28640      4.20000
    3126.000     15.28257      4.20000
    3130.200     15.26082      4.20000
    3134.400     15.23119      4.20000
    3138.600     15.17580      4.20000
    3142.800     15.10948      4.20000
    3147.000     15.06366      4.20000
    3151.200     15.05423      4.20000
    3155.400     15.05174      4.20000
    3159.600     15.01859      4.20000
    3163.800     14.94419      4.20000
    3168.000     14.87064      4.20000
    3172.200     14.81119      4.20000
    3176.400     14.78024      4.20000
    3180.600     14.78824      4.20000
    3184.800     14.78622      4.20000
    3189.000     14.76964      4.20000
    3193.200     14.75375      4.20000
    3197.400     14.74650      4.20000
    3201.600     14.72530      4.20000
    3205.800     14.70288      4.20000
    3210.000     14.68798      4.20000
    3214.200     14.65771      4.20000
    3218.400     14.64458      4.20000
    3222.600     14.65022      4.20000
    3226.800     14.65526      4.20000
    3231.000     14.64549      4.20000
    3235.200     14.61873      4.20000
    3239.400     14.58769      4.20000
    3243.600     14.56649      4.20000
    3247.800     14.55410      4.20000
    3252.000     14.53923      4.20000
    3256.200     14.51163      4.20000
    3260.400     14.47304      4.20000
    3264.600     14.44568      4.20000
    3268.800     14.43513      4.20000
    3273.000     14.43072      4.20000
    3277.200     14.41601      4.20000
    3281.400     14.39436      4.20000
    3285.600     14.38983      4.20000
    3289.800     14.40503      4.20000
    3294.000     14.40690      4.20000
    3298.200     14.39113      4.20000
    3302.400     14.36064      4.20000
    3306.600     14.33159      4.20000
    3310.800     14.32982      4.20000
    3315.000     14.34398      4.20000
    3319.200     14.35591      4.20000
    3323.400     14.35742      4.20000
    3327.600     14.36251      4.20000
    3331.800     14.36429      4.20000
    3336.000     14.35225      4.20000
    3340.200     14.32570      4.20000
    3344.400     14.30420      4.20000
    3348.600     14.29245      4.20000
    3352.800     14.29848      4.20000
    3357.000     14.32492      4.20000
    3361.200     14.33487      4.20000
    3365.400     14.32756      4.20000
    3369.600     14.31106      4.20000
    3373.800     14.29091      4.20000
    3378.000     14.29275      4.20000
    3382.200     14.31164      4.20000
    3386.400     14.32817      4.20000
    3390.600     14.32646      4.20000
    3394.800     14.30773      4.20000
    3399.000     14.28960      4.20000
    3403.200     14.28646      4.20000
    3407.400     14.29491      4.20000
    3411.600     14.29558      4.20000
    3415.800     14.28856      4.20000
    3420.000     14.28247      4.20000
    3424.200     14.27217      4.20000
    3428.400     14.26456      4.20000
    3432.600     14.25786      4.20000
    3436.800     14.24981      4.20000
    3441.000     14.25607      4.20000
    3445.200     14.27531      4.20000
    3449.400     14.29271      4.20000
    3453.600     14.29237      4.20000
    3457.800     14.28272      4.20000
    3462.000     14.26509      4.20000
    3466.200     14.24150      4.20000
    3470.400     14.21894      4.20000
    3474.600     14.20951      4.20000
    3478.800     14.21592      4.20000
    3483.000     14.22593      4.20000
    3487.200     14.21865      4.20000
    3491.400     14.21236      4.20000
    3495.600     14.21986      4.20000
    3499.800     14.23617      4.20000
    3504.000     14.23731      4.20000
    3508.200     14.23415      4.20000
    3512.400     14.23047      4.20000
    3516.600     14.22304      4.20000
    3520.800     14.21077      4.20000
    3525.000     14.18739      4.20000
    3529.200     14.15882      4.20000
    3533.400     14.13870      4.20000
    3537.600     14.13403      4.20000
    3541.800     14.14478      4.20000
    3546.000     14.16033      4.20000
    3550.200     14.16627      4.20000
    3554.400     14.16266      4.20000
    3558.600     14.15969      4.20000
    3562.800     14.16431      4.20000
    3567.000     14.17302      4.20000
    3571.200     14.17116      4.20000
    3575.400     14.16024      4.20000
    3579.600     14.14688      4.20000
    3583.800     14.13287      4.20000
    3588.000     14.11996      4.20000
    3592.200     14.11184      4.20000
    3596.400     14.11001      4.20000
    3600.600     14.11038      4.20000
    3604.800     14.11225      4.20000
    3609.000     14.10789      4.20000
    3613.200     14.09242      4.20000
    3617.400     14.07604      4.20000
    3621.600     14.06580      4.20000
    3625.800     14.06246      4.20000
    3630.000     14.06306      4.20000
    3634.200     14.06755      4.20000
    3638.400     14.07054      4.20000
    3642.600     14.06191      4.20000
    3646.800     14.03801      4.20000
    3651.000     14.02378      4.20000
    3655.200     14.02153      4.20000
    3659.400     14.02246      4.20000
    3663.600     14.01805      4.20000
    3667.800     14.01292      4.20000
    3672.000     14.01143      4.20000
    3676.200     14.01522      4.20000
    3680.400     14.02226      4.20000
    3684.600     14.02920      4.20000
    3688.800     14.02927      4.20000
    3693.000     14.01985      4.20000
    3697.200     14.00792      4.20000
    3701.400     14.00366      4.20000
    3705.600     14.00525      4.20000
    3709.800     14.00446      4.20000
    3714.000     13.99897      4.20000
    3718.200     13.99387      4.20000
    3722.400     13.99280      4.20000
    3726.600     13.99507      4.20000
    3730.800     13.99645      4.20000
    3735.000     13.99863      4.20000
    3739.200     13.99997      4.20000
    3743.400     13.99583      4.20000
    3747.600     13.99027      4.20000
    3751.800     13.97477      4.20000
    3756.000     13.95044      4.20000
    3760.200     13.93202      4.20000
    3764.400     13.92128      4.20000
    3768.600     13.91142      4.20000
    3772.800     13.89502      4.20000
    3777.000     13.87175      4.20000
    3781.200     13.85423      4.20000
    3785.400     13.84920      4.20000
    3789.600     13.85534      4.20000
    3793.800     13.86497      4.20000
    3798.000     13.86686      4.20000
    3802.200     13.85617      4.20000
    3806.400     13.83536      4.20000
    3810.600     13.81013      4.20000
    3814.800     13.79665      4.20000
    3819.000     13.80575      4.20000
    3823.200     13.83498      4.20000
    3827.400     13.86216      4.20000
    3831.600     13.88142      4.20000
    3835.800     13.88212      4.20000
    3840.000     13.85204      4.20000
    3844.200     13.80716      4.20000
    3848.400     13.76476      4.20000
    3852.600     13.73211      4.20000
    3856.800     13.70702      4.20000
    3861.000     13.69541      4.20000
    3865.200     13.69563      4.20000
    3869.400     13.70636      4.20000
    3873.600     13.73086      4.20000
    3877.800     13.75821      4.20000
    3882.000     13.78820      4.20000
    3886.200     13.81739      4.20000
    3890.400     13.82381      4.20000
    3894.600     13.79676      4.20000
    3898.800     13.75467      4.20000
    3903.000     13.72215      4.20000
    3907.200     13.69974      4.20000
    3911.400     13.68603      4.20000
    3915.600     13.68463      4.20000
    3919.800     13.70236      4.20000
    3924.000     13.74061      4.20000
    3928.200     13.78573      4.20000
    3932.400     13.81171      4.20000
    3936.600     13.79671      4.20000
    3940.800     13.75437      4.20000
    3945.000     13.71435      4.20000
    3949.200     13.69503      4.20000
    3953.400     13.69737      4.20000
    3957.600     13.73011      4.20000
    3961.800     13.78834      4.20000
    3966.000     13.84825      4.20000
    3970.200     13.86986      4.20000
    3974.400     13.82429      4.20000
    3978.600     13.74648      4.20000
    3982.800     13.68310      4.20000
    3987.000     13.64357      4.20000
    3991.200     13.62196      4.20000
    3995.400     13.61504      4.20000
    3999.600     13.61863      4.20000
    4003.800     13.61770      4.20000
    4008.000     13.60885      4.20000
    4012.200     13.59942      4.20000
    4016.400     13.59834      4.20000
    4020.600     13.60137      4.20000
    4024.800     13.59602      4.20000
    4029.000     13.58276      4.20000
    4033.200     13.57551      4.20000
    4037.400     13.57740      4.20000
    4041.600     13.58310      4.20000
    4045.800     13.58565      4.20000
    4050.000     13.58296      4.20000
    4054.200     13.58338      4.20000
    4058.400     13.58679      4.20000
    4062.600     13.58813      4.20000
    4066.800     13.58360      4.20000
    4071.000     13.57756      4.20000
    4075.200     13.57263      4.20000
    4079.400     13.57108      4.20000
    4083.600     13.57731      4.20000
    4087.800     13.59869      4.20000
    4092.000     13.63475      4.20000
    4096.200     13.67291      4.20000
    4100.400     13.68941      4.20000
    4104.600     13.67437      4.20000
    4108.800     13.63818      4.20000
    4113.000     13.60119      4.20000
    4117.200     13.57437      4.20000
    4121.400     13.56195      4.20000
    4125.600     13.56001      4.20000
    4129.800     13.55935      4.20000
    4134.000     13.55264      4.20000
    4138.200     13.54589      4.20000
    4142.400     13.54317      4.20000
    4146.600     13.53948      4.20000
    4150.800     13.53331      4.20000
    4155.000     13.52965      4.20000
    4159.200     13.53110      4.20000
    4163.400     13.53196      4.20000
    4167.600     13.52931      4.20000
    4171.800     13.52722      4.20000
    4176.000     13.52904      4.20000
    4180.200     13.52908      4.20000
    4184.400     13.52956      4.20000
    4188.600     13.53243      4.20000
    4192.800     13.53622      4.20000
    4197.000     13.53500      4.20000
    4201.200     13.53008      4.20000
    4205.400     13.52507      4.20000
    4209.600     13.52279      4.20000
    4213.800     13.52349      4.20000
    4218.000     13.52398      4.20000
    4222.200     13.52449      4.20000
    4226.400     13.52779      4.20000
    4230.600     13.52646      4.20000
    4234.800     13.52261      4.20000
    4239.000     13.52124      4.20000
    4243.200     13.52350      4.20000
    4247.400     13.51778      4.20000
    4251.600     13.50758      4.20000
    4255.800     13.50198      4.20000
    4260.000     13.50400      4.20000
    4264.200     13.50546      4.20000
    4268.400     13.50485      4.20000
    4272.600     13.50488      4.20000
    4276.800     13.50574      4.20000
    4281.000     13.50850      4.20000
    4285.200     13.51133      4.20000
    4289.400     13.51172      4.20000
    4293.600     13.51065      4.20000
    4297.800     13.51585      4.20000
    4302.000     13.52461      4.20000
    4306.200     13.52582      4.20000
    4310.400     13.51783      4.20000
    4314.600     13.51076      4.20000
    4318.800     13.51049      4.20000
    4323.000     13.51539      4.20000
    4327.200     13.53174      4.20000
    4331.400     13.56313      4.20000
    4335.600     13.59902      4.20000
    4339.800     13.61340      4.20000
    4344.000     13.59301      4.20000
    4348.200     13.55099      4.20000
    4352.400     13.51111      4.20000
    4356.600     13.48892      4.20000
    4360.800     13.47688      4.20000
    4365.000     13.46877      4.20000
    4369.200     13.46368      4.20000
    4373.400     13.46496      4.20000
    4377.600     13.46627      4.20000
    4381.800     13.46299      4.20000
    4386.000     13.45689      4.20000
    4390.200     13.45721      4.20000
    4394.400     13.45699      4.20000
    4398.600     13.45052      4.20000
    4402.800     13.44067      4.20000
    4407.000     13.43912      4.20000
    4411.200     13.43943      4.20000
    4415.400     13.43629      4.20000
    4419.600     13.43354      4.20000
    4423.800     13.43716      4.20000
    4428.000     13.44009      4.20000
    4432.200     13.43570      4.20000
    4436.400     13.42733      4.20000
    4440.600     13.42413      4.20000
    4444.800     13.42734      4.20000
    4449.000     13.43282      4.20000
    4453.200     13.43608      4.20000
    4457.400     13.43685      4.20000
    4461.600     13.43397      4.20000
    4465.800     13.42695      4.20000
    4470.000     13.41830      4.20000
    4474.200     13.40831      4.20000
    4478.400     13.40214      4.20000
    4482.600     13.40437      4.20000
    4486.800     13.40899      4.20000
    4491.000     13.40844      4.20000
    4495.200     13.40391      4.20000
    4499.400     13.40150      4.20000
    4503.600     13.39508      4.20000
    4507.800     13.38688      4.20000
    4512.000     13.38369      4.20000
    4516.200     13.38978      4.20000
    4520.400     13.39183      4.20000
    4524.600     13.38888      4.20000
    4528.800     13.38619      4.20000
    4533.000     13.38764      4.20000
    4537.200     13.39189      4.20000
    4541.400     13.39416      4.20000
    4545.600     13.39101      4.20000
    4549.800     13.38436      4.20000
    4554.000     13.38002      4.20000
    4558.200     13.38051      4.20000
    4562.400     13.38378      4.20000
    4566.600     13.38458      4.20000
    4570.800     13.38013      4.20000
    4575.000     13.37323      4.20000
    4579.200     13.36932      4.20000
    4583.400     13.37029      4.20000
    4587.600     13.37500      4.20000
    4591.800     13.37938      4.20000
    4596.000     13.37887      4.20000
    4600.200     13.37302      4.20000
    4604.400     13.36701      4.20000
    4608.600     13.36406      4.20000
    4612.800     13.36266      4.20000
    4617.000     13.36138      4.20000
    4621.200     13.36105      4.20000
    4625.400     13.36217      4.20000
    4629.600     13.36301      4.20000
    4633.800     13.36019      4.20000
    4638.000     13.35316      4.20000
    4642.200     13.34465      4.20000
    4646.400     13.33930      4.20000
    4650.600     13.33933      4.20000
    4654.800     13.34580      4.20000
    4659.000     13.35416      4.20000
    4663.200     13.35117      4.20000
    4667.400     13.34226      4.20000
    4671.600     13.33561      4.20000
    4675.800     13.33392      4.20000
    4680.000     13.32966      4.20000
    4684.200     13.32725      4.20000
    4688.400     13.33058      4.20000
    4692.600     13.33761      4.20000
    4696.800     13.34001      4.20000
    4701.000     13.33777      4.20000
    4705.200     13.33374      4.20000
    4709.400     13.32974      4.20000
    4713.600     13.32725      4.20000
    4717.800     13.32462      4.20000
    4722.000     13.32067      4.20000
    4726.200     13.31713      4.20000
    4730.400     13.31812      4.20000
    4734.600     13.32090      4.20000
    4738.800     13.32099      4.20000
    4743.000     13.31850      4.20000
    4747.200     13.31211      4.20000
    4751.400     13.30757      4.20000
    4755.600     13.31007      4.20000
    4759.800     13.31426      4.20000
    4764.000     13.31393      4.20000
    4768.200     13.31144      4.20000
    4772.400     13.31194      4.20000
    4776.600     13.30847      4.20000
    4780.800     13.30591      4.20000
    4785.000     13.30620      4.20000
    4789.200     13.30628      4.20000
    4793.400     13.30787      4.20000
    4797.600     13.30896      4.20000
    4801.800     13.30669      4.20000
    4806.000     13.30054      4.20000
    4810.200     13.29704      4.20000
    4814.400     13.29731      4.20000
    4818.600     13.29843      4.20000
    4822.800     13.29673      4.20000
    4827.000     13.29276      4.20000
    4831.200     13.29070      4.20000
    4835.400     13.29321      4.20000
    4839.600     13.29779      4.20000
    4843.800     13.30715      4.20000
    4848.000     13.32633      4.20000
    4852.200     13.35914      4.20000
    4856.400     13.40328      4.20000
    4860.600     13.43478      4.20000
    4864.800     13.42847      4.20000
    4869.000     13.38170      4.20000
    4873.200     13.32762      4.20000
    4877.400     13.29404      4.20000
    4881.600     13.28351      4.20000
    4885.800     13.28003      4.20000
    4890.000     13.27864      4.20000
    4894.200     13.27354      4.20000
    4898.400     13.26603      4.20000
    4902.600     13.26394      4.20000
    4906.800     13.26809      4.20000
    4911.000     13.27177      4.20000
    4915.200     13.26969      4.20000
    4919.400     13.26431      4.20000
    4923.600     13.25776      4.20000
    4927.800     13.25318      4.20000
    4932.000     13.25158      4.20000
    4936.200     13.24990      4.20000
    4940.400     13.24608      4.20000
    4944.600     13.24265      4.20000
    4948.800     13.24323      4.20000
    4953.000     13.24661      4.20000
    4957.200     13.24977      4.20000
    4961.400     13.25008      4.20000
    4965.600     13.24691      4.20000
    4969.800     13.24207      4.20000
    4974.000     13.23993      4.20000
    4978.200     13.24067      4.20000
    4982.400     13.24013      4.20000
    4986.600     13.23653      4.20000
    4990.800     13.23340      4.20000
    4995.000     13.23272      4.20000
    4999.200     13.23238      4.20000
    5003.400     13.23351      4.20000
    5007.600     13.23574      4.20000
    5011.800     13.23737      4.20000
    5016.000     13.23641      4.20000
    5020.200     13.23582      4.20000
    5024.400     13.23418      4.20000
    5028.600     13.22996      4.20000
    5032.800     13.22636      4.20000
    5037.000     13.22797      4.20000
    5041.200     13.23110      4.20000
    5045.400     13.22968      4.20000
    5049.600     13.22615      4.20000
    5053.800     13.22372      4.20000
    5058.000     13.22210      4.20000
    5062.200     13.21929      4.20000
    5066.400     13.21795      4.20000
    5070.600     13.21911      4.20000
    5074.800     13.22216      4.20000
    5079.000     13.22513      4.20000
    5083.200     13.22568      4.20000
    5087.400     13.22247      4.20000
    5091.600     13.21816      4.20000
    5095.800     13.21789      4.20000
    5100.000     13.21838      4.20000
    5104.200     13.21549      4.20000
    5108.400     13.20929      4.20000
    5112.600     13.20562      4.20000
    5116.800     13.20643      4.20000
    5121.000     13.20826      4.20000
    5125.200     13.20684      4.20000
    5129.400     13.20247      4.20000
    5133.600     13.19909      4.20000
    5137.800     13.19823      4.20000
    5142.000     13.19838      4.20000
    5146.200     13.19690      4.20000
    5150.400     13.19297      4.20000
    5154.600     13.19072      4.20000
    5158.800     13.19547      4.20000
    5163.000     13.20525      4.20000
    5167.200     13.21789      4.20000
    5171.400     13.22652      4.20000
    5175.600     13.22320      4.20000
    5179.800     13.21202      4.20000
    5184.000     13.20503      4.20000
    5188.200     13.20521      4.20000
    5192.400     13.20255      4.20000
    5196.600     13.19715      4.20000
    5200.800     13.19302      4.20000
    5205.000     13.19094      4.20000
    5209.200     13.18505      4.20000
    5213.400     13.17968      4.20000
    5217.600     13.17711      4.20000
    5221.800     13.17790      4.20000
    5226.000     13.18239      4.20000
    5230.200     13.18696      4.20000
    5234.400     13.18560      4.20000
    5238.600     13.17685      4.20000
    5242.800     13.17103      4.20000
    5247.000     13.16958      4.20000
    5251.200     13.16979      4.20000
    5255.400     13.16940      4.20000
    5259.600     13.17266      4.20000
    5263.800     13.17614      4.20000
    5268.000     13.17698      4.20000
    5272.200     13.17557      4.20000
    5276.400     13.17069      4.20000
    5280.600     13.16716      4.20000
    5284.800     13.16675      4.20000
    5289.000     13.16508      4.20000
    5293.200     13.16303      4.20000
    5297.400     13.16004      4.20000
    5301.600     13.15641      4.20000
    5305.800     13.15457      4.20000
    5310.000     13.15431      4.20000
    5314.200     13.15404      4.20000
    5318.400     13.15299      4.20000
    5322.600     13.15284      4.20000
    5326.800     13.15426      4.20000
    5331.000     13.15500      4.20000
    5335.200     13.15326      4.20000
    5339.400     13.15280      4.20000
    5343.600     13.15084      4.20000
    5347.800     13.14693      4.20000
    5352.000     13.14379      4.20000
    5356.200     13.14288      4.20000
    5360.400     13.14446      4.20000
    5364.600     13.14752      4.20000
    5368.800     13.15012      4.20000
    5373.000     13.14983      4.20000
    5377.200     13.14453      4.20000
    5381.400     13.13696      4.20000
    5385.600     13.13425      4.20000
    5389.800     13.13727      4.20000
    5394.000     13.14061      4.20000
    5398.200     13.14041      4.20000
    5402.400     13.13997      4.20000
    5406.600     13.13871      4.20000
    5410.800     13.13547      4.20000
    5415.000     13.13103      4.20000
    5419.200     13.12987      4.20000
    5423.400     13.13110      4.20000
    5427.600     13.13321      4.20000
    5431.800     13.13403      4.20000
    5436.000     13.12993      4.20000
    5440.200     13.12406      4.20000
    5444.400     13.12143      4.20000
    5448.600     13.12409      4.20000
    5452.800     13.12602      4.20000
    5457.000     13.12544      4.20000
    5461.200     13.12335      4.20000
    5465.400     13.12146      4.20000
    5469.600     13.11947      4.20000
    5473.800     13.11762      4.20000
    5478.000     13.11658      4.20000
    5482.200     13.11695      4.20000
    5486.400     13.11729      4.20000
    5490.600     13.11602      4.20000
    5494.800     13.11383      4.20000
    5499.000     13.11429      4.20000
    5503.200     13.11400      4.20000
    5507.400     13.11127      4.20000
    5511.600     13.10712      4.20000
    5515.800     13.10439      4.20000
    5520.000     13.10563      4.20000
    5524.200     13.10973      4.20000
    5528.400     13.11323      4.20000
    5532.600     13.11392      4.20000
    5536.800     13.11232      4.20000
    5541.000     13.10927      4.20000
    5545.200     13.10548      4.20000
    5549.400     13.10252      4.20000
    5553.600     13.10361      4.20000
    5557.800     13.10770      4.20000
    5562.000     13.10940      4.20000
    5566.200     13.10742      4.20000
    5570.400     13.10418      4.20000
    5574.600     13.10158      4.20000
    5578.800     13.09906      4.20000
    5583.000     13.10058      4.20000
    5587.200     13.10318      4.20000
    5591.400     13.10276      4.20000
    5595.600     13.09991      4.20000
    5599.800     13.09688      4.20000
    5604.000     13.09364      4.20000
    5608.200     13.08985      4.20000
    5612.400     13.08789      4.20000
    5616.600     13.09256      4.20000
    5620.800     13.10160      4.20000
    5625.000     13.10736      4.20000
    5629.200     13.10451      4.20000
    5633.400     13.09581      4.20000
    5637.600     13.08781      4.20000
    5641.800     13.08584      4.20000
    5646.000     13.08886      4.20000
    5650.200     13.09196      4.20000
    5654.400     13.09115      4.20000
    5658.600     13.08665      4.20000
    5662.800     13.08473      4.20000
    5667.000     13.08583      4.20000
    5671.200     13.08830      4.20000
    5675.400     13.09143      4.20000
    5679.600     13.09433      4.20000
    5683.800     13.09469      4.20000
    5688.000     13.09216      4.20000
    5692.200     13.09049      4.20000
    5696.400     13.09068      4.20000
    5700.600     13.09329      4.20000
    5704.800     13.09735      4.20000
    5709.000     13.09947      4.20000
    5713.200     13.09821      4.20000
    5717.400     13.09390      4.20000
    5721.600     13.08823      4.20000
    5725.800     13.08306      4.20000
    5730.000     13.08136      4.20000
    5734.200     13.08228      4.20000
    5738.400     13.08216      4.20000
    5742.600     13.08071      4.20000
    5746.800     13.08127      4.20000
    5751.000     13.08515      4.20000
    5755.200     13.08918      4.20000
    5759.400     13.08759      4.20000
    5763.600     13.08175      4.20000
    5767.800     13.07696      4.20000
    5772.000     13.07743      4.20000
    5776.200     13.07901      4.20000
    5780.400     13.07931      4.20000
    5784.600     13.07833      4.20000
    5788.800     13.07739      4.20000
    5793.000     13.07353      4.20000
    5797.200     13.06813      4.20000
    5801.400     13.06467      4.20000
    5805.600     13.06388      4.20000
    5809.800     13.06367      4.20000
    5814.000     13.06143      4.20000
    5818.200     13.05670      4.20000
    5822.400     13.05325      4.20000
    5826.600     13.05356      4.20000
    5830.800     13.05648      4.20000
    5835.000     13.05801      4.20000
    5839.200     13.05528      4.20000
    5843.400     13.05140      4.20000
    5847.600     13.04851      4.20000
    5851.800     13.04552      4.20000
    5856.000     13.04455      4.20000
    5860.200     13.04607      4.20000
    5864.400     13.04827      4.20000
    5868.600     13.04806      4.20000
    5872.800     13.04714      4.20000
    5877.000     13.04689      4.20000
    5881.200     13.04860      4.20000
    5885.400     13.05348      4.20000
    5889.600     13.05899      4.20000
    5893.800     13.06104      4.20000
    5898.000     13.05771      4.20000
    5902.200     13.05263      4.20000
    5906.400     13.04884      4.20000
    5910.600     13.04770      4.20000
    5914.800     13.04848      4.20000
    5919.000     13.04903      4.20000
    5923.200     13.04598      4.20000
    5927.400     13.04068      4.20000
    5931.600     13.03822      4.20000
    5935.800     13.03957      4.20000
    5940.000     13.04176      4.20000
    5944.200     13.04236      4.20000
    5948.400     13.04171      4.20000
    5952.600     13.04074      4.20000
    5956.800     13.03969      4.20000
    5961.000     13.03838      4.20000
    5965.200     13.03678      4.20000
    5969.400     13.03680      4.20000
    5973.600     13.03720      4.20000
    5977.800     13.03649      4.20000
    5982.000     13.03606      4.20000
    5986.200     13.03641      4.20000
    5990.400     13.03596      4.20000
    5994.600     13.03353      4.20000
    5998.800     13.03151      4.20000
    6003.000     13.03324      4.20000
    6007.200     13.03613      4.20000
    6011.400     13.03472      4.20000
    6015.600     13.02943      4.20000
    6019.800     13.02668      4.20000
    6024.000     13.02870      4.20000
    6028.200     13.03158      4.20000
    6032.400     13.03186      4.20000
    6036.600     13.03163      4.20000
    6040.800     13.03254      4.20000
    6045.000     13.03268      4.20000
    6049.200     13.02870      4.20000
    6053.400     13.02561      4.20000
    6057.600     13.02754      4.20000
    6061.800     13.03113      4.20000
    6066.000     13.02966      4.20000
    6070.200     13.02589      4.20000
    6074.400     13.02549      4.20000
    6078.600     13.02819      4.20000
    6082.800     13.02810      4.20000
    6087.000     13.02437      4.20000
    6091.200     13.02055      4.20000
    6095.400     13.01962      4.20000
    6099.600     13.02329      4.20000
    6103.800     13.02684      4.20000
    6108.000     13.02426      4.20000
    6112.200     13.01988      4.20000
    6116.400     13.01787      4.20000
    6120.600     13.02053      4.20000
    6124.800     13.02662      4.20000
    6129.000     13.02935      4.20000
    6133.200     13.02836      4.20000
    6137.400     13.02636      4.20000
    6141.600     13.02544      4.20000
    6145.800     13.02265      4.20000
    6150.000     13.02019      4.20000
    6154.200     13.02079      4.20000
    6158.400     13.02354      4.20000
    6162.600     13.02463      4.20000
    6166.800     13.02336      4.20000
    6171.000     13.02138      4.20000
    6175.200     13.02030      4.20000
    6179.400     13.01986      4.20000
    6183.600     13.01876      4.20000
    6187.800     13.01605      4.20000
    6192.000     13.01254      4.20000
    6196.200     13.01196      4.20000
    6200.400     13.01431      4.20000
    6204.600     13.01597      4.20000
    6208.800     13.01411      4.20000
    6213.000     13.01063      4.20000
    6217.200     13.00852      4.20000
    6221.400     13.00900      4.20000
    6225.600     13.00955      4.20000
    6229.800     13.00986      4.20000
    6234.000     13.01110      4.20000
    6238.200     13.01411      4.20000
    6242.400     13.01472      4.20000
    6246.600     13.01359      4.20000
    6250.800     13.01304      4.20000
    6255.000     13.01360      4.20000
    6259.200     13.01280      4.20000
    6263.400     13.01265      4.20000
    6267.600     13.01723      4.20000
    6271.800     13.02809      4.20000
    6276.000     13.02252      4.20000
    6280.200     13.01281      4.20000
    6284.400     13.00533      4.20000
    6288.600     13.00322      4.20000
    6292.800     13.00726      4.20000
    6297.000     13.01609      4.20000
    6301.200     13.02263      4.20000
    6305.400     13.02190      4.20000
    6309.600     13.01761      4.20000
    6313.800     13.01157      4.20000
    6318.000     13.00745      4.20000
    6322.200     13.00419      4.20000
    6326.400     13.00274      4.20000
    6330.600     13.00405      4.20000
    6334.800     13.00711      4.20000
    6339.000     13.00499      4.20000
    6343.200     13.00128      4.20000
    6347.400     13.00099      4.20000
    6351.600     13.00249      4.20000
    6355.800     13.00409      4.20000
    6360.000     13.00240      4.20000
    6364.200     12.99720      4.20000
    6368.400     12.99479      4.20000
    6372.600     12.99908      4.20000
    6376.800     13.00419      4.20000
    6381.000     13.00226      4.20000
    6385.200     12.99697      4.20000
    6389.400     12.99462      4.20000
    6393.600     12.99658      4.20000
    6397.800     12.99918      4.20000
    6402.000     12.99975      4.20000
    6406.200     12.99715      4.20000
    6410.400     12.99155      4.20000
    6414.600     12.98517      4.20000
    6418.800     12.98567      4.20000
    6423.000     12.99286      4.20000
    6427.200     13.00054      4.20000
    6431.400     13.00110      4.20000
    6435.600     12.99617      4.20000
    6439.800     12.98913      4.20000
    6444.000     12.98326      4.20000
    6448.200     12.98057      4.20000
    6452.400     12.98383      4.20000
    6456.600     12.98858      4.20000
    6460.800     12.98939      4.20000
    6465.000     12.98781      4.20000
    6469.200     12.98857      4.20000
    6473.400     12.99060      4.20000
    6477.600     12.99010      4.20000
    6481.800     12.98867      4.20000
    6486.000     12.99068      4.20000
    6490.200     12.99100      4.20000
    6494.400     12.98839      4.20000
    6498.600     12.98442      4.20000
    6502.800     12.98514      4.20000
    6507.000     12.98912      4.20000
    6511.200     12.98880      4.20000
    6515.400     12.98547      4.20000
    6519.600     12.98473      4.20000
    6523.800     12.98718      4.20000
    6528.000     12.98818      4.20000
    6532.200     12.98856      4.20000
    6536.400     12.99014      4.20000
    6540.600     12.99489      4.20000
    6544.800     13.00352      4.20000
    6549.000     13.02188      4.20000
    6553.200     13.05924      4.20000
    6557.400     13.11698      4.20000
    6561.600     13.16873      4.20000
    6565.800     13.16957      4.20000
    6570.000     13.11578      4.20000
    6574.200     13.04950      4.20000
    6578.400     13.00913      4.20000
    6582.600     12.99309      4.20000
    6586.800     12.98650      4.20000
    6591.000     12.98104      4.20000
    6595.200     12.97828      4.20000
    6599.400     12.97720      4.20000
    6603.600     12.97447      4.20000
    6607.800     12.96984      4.20000
    6612.000     12.96800      4.20000
    6616.200     12.96739      4.20000
    6620.400     12.96555      4.20000
    6624.600     12.96490      4.20000
    6628.800     12.96549      4.20000
    6633.000     12.96428      4.20000
    6637.200     12.96018      4.20000
    6641.400     12.95777      4.20000
    6645.600     12.95899      4.20000
    6649.800     12.95964      4.20000
    6654.000     12.95696      4.20000
    6658.200     12.95573      4.20000
    6662.400     12.95545      4.20000
    6666.600     12.95314      4.20000
    6670.800     12.94949      4.20000
    6675.000     12.95026      4.20000
    6679.200     12.95235      4.20000
    6683.400     12.95268      4.20000
    6687.600     12.95208      4.20000
    6691.800     12.95164      4.20000
    6696.000     12.95179      4.20000
    6700.200     12.95195      4.20000
    6704.400     12.95215      4.20000
    6708.600     12.95157      4.20000
    6712.800     12.95155      4.20000
    6717.000     12.95261      4.20000
    6721.200     12.95304      4.20000
    6725.400     12.95151      4.20000
    6729.600     12.94893      4.20000
    6733.800     12.94709      4.20000
    6738.000     12.94713      4.20000
    6742.200     12.94737      4.20000
    6746.400     12.94644      4.20000
    6750.600     12.94525      4.20000
    6754.800     12.94593      4.20000
    6759.000     12.94862      4.20000
    6763.200     12.95036      4.20000
    6767.400     12.94879      4.20000
    6771.600     12.94664      4.20000
    6775.800     12.94585      4.20000
    6780.000     12.94727      4.20000
    6784.200     12.95112      4.20000
    6788.400     12.95390      4.20000
    6792.600     12.95116      4.20000
    6796.800     12.94551      4.20000
    6801.000     12.94378      4.20000
    6805.200     12.94499      4.20000
    6809.400     12.94759      4.20000
    6813.600     12.94956      4.20000
    6817.800     12.94889      4.20000
    6822.000     12.94539      4.20000
    6826.200     12.94304      4.20000
    6830.400     12.94431      4.20000
    6834.600     12.94716      4.20000
    6838.800     12.94981      4.20000
    6843.000     12.95006      4.20000
    6847.200     12.94785      4.20000
    6851.400     12.94735      4.20000
    6855.600     12.95863      4.20000
    6859.800     12.94934      4.20000
    6864.000     12.95071      4.20000
    6868.200     12.95330      4.20000
    6872.400     12.95380      4.20000
    6876.600     12.95093      4.20000
    6880.800     12.94559      4.20000
    6885.000     12.94582      4.20000
    6889.200     12.94714      4.20000
    6893.400     12.94557      4.20000
    6897.600     12.94412      4.20000
    6901.800     12.94501      4.20000
    6906.000     12.94606      4.20000
    6910.200     12.94557      4.20000
    6914.400     12.94386      4.20000
    6918.600     12.94424      4.20000
    6922.800     12.94674      4.20000
    6927.000     12.95143      4.20000
    6931.200     12.95893      4.20000
    6935.400     12.96462      4.20000
    6939.600     12.96512      4.20000
    6943.800     12.96310      4.20000
    6948.000     12.95907      4.20000
    6952.200     12.95592      4.20000
    6956.400     12.95392      4.20000
    6960.600     12.95060      4.20000
    6964.800     12.94525      4.20000
    6969.000     12.93897      4.20000
    6973.200     12.93526      4.20000
    6977.400     12.93665      4.20000
    6981.600     12.94024      4.20000
    6985.800     12.94261      4.20000
    6990.000     12.94424      4.20000
    6994.200     12.94602      4.20000
    6998.400     12.94693      4.20000
    7002.600     12.94765      4.20000
    7006.800     12.94846      4.20000
    7011.000     12.94779      4.20000
    7015.200     12.94602      4.20000
    7019.400     12.94346      4.20000
    7023.600     12.94118      4.20000
    7027.800     12.94104      4.20000
    7032.000     12.94097      4.20000
    7036.200     12.94081      4.20000
    7040.400     12.94149      4.20000
    7044.600     12.94331      4.20000
    7048.800     12.94202      4.20000
    7053.000     12.93752      4.20000
    7057.200     12.93480      4.20000
    7061.400     12.93623      4.20000
    7065.600     12.93879      4.20000
    7069.800     12.93993      4.20000
    7074.000     12.93840      4.20000
    7078.200     12.93491      4.20000
    7082.400     12.93306      4.20000
    7086.600     12.93441      4.20000
    7090.800     12.93597      4.20000
    7095.000     12.93540      4.20000
    7099.200     12.93338      4.20000
    7103.400     12.93216      4.20000
    7107.600     12.93458      4.20000
    7111.800     12.93846      4.20000
    7116.000     12.93928      4.20000
    7120.200     12.93618      4.20000
    7124.400     12.93514      4.20000
    7128.600     12.93510      4.20000
    7132.800     12.93346      4.20000
    7137.000     12.93014      4.20000
    7141.200     12.93084      4.20000
    7145.400     12.93529      4.20000
    7149.600     12.94050      4.20000
    7153.800     12.94523      4.20000
    7158.000     12.95133      4.20000
    7162.200     12.94824      4.20000
    7166.400     12.93817      4.20000
    7170.600     12.93228      4.20000
    7174.800     12.93193      4.20000
    7179.000     12.93052      4.20000
    7183.200     12.93153      4.20000
    7187.400     12.93669      4.20000
    7191.600     12.93799      4.20000
    7195.800     12.93441      4.20000
    7200.000     12.93035      4.20000
    7204.200     12.92879      4.20000
    7208.400     12.92810      4.20000
    7212.600     12.93029      4.20000
    7216.800     12.93753      4.20000
    7221.000     12.93876      4.20000
    7225.200     12.93765      4.20000
    7229.400     12.93323      4.20000
    7233.600     12.93207      4.20000
    7237.800     12.92919      4.20000
    7242.000     12.92555      4.20000
    7246.200     12.92253      4.20000
    7250.400     12.92201      4.20000
    7254.600     12.92533      4.20000
    7258.800     12.93013      4.20000
    7263.000     12.93303      4.20000
    7267.200     12.93218      4.20000
    7271.400     12.93084      4.20000
    7275.600     12.93078      4.20000
    7279.800     12.93152      4.20000
    7284.000     12.93118      4.20000
    7288.200     12.93059      4.20000
    7292.400     12.92856      4.20000
    7296.600     12.92837      4.20000
    7300.800     12.92732      4.20000
    7305.000     12.92578      4.20000
    7309.200     12.93043      4.20000
    7313.400     12.93382      4.20000
    7317.600     12.93844      4.20000
    7321.800     12.93955      4.20000
    7326.000     12.94103      4.20000
    7330.200     12.94354      4.20000
    7334.400     12.94745      4.20000
    7338.600     12.94513      4.20000
    7342.800     12.94034      4.20000
    7347.000     12.93841      4.20000
    7351.200     12.93952      4.20000
    7355.400     12.93960      4.20000
    7359.600     12.93766      4.20000
    7363.800     12.93634      4.20000
    7368.000     12.93559      4.20000
    7372.200     12.93354      4.20000
    7376.400     12.93100      4.20000
    7380.600     12.92926      4.20000
    7384.800     12.92821      4.20000
    7389.000     12.92699      4.20000
    7393.200     12.92489      4.20000
    7397.400     12.92193      4.20000
    7401.600     12.92130      4.20000
    7405.800     12.92489      4.20000
    7410.000     12.92953      4.20000
    7414.200     12.92947      4.20000
    7418.400     12.92689      4.20000
    7422.600     12.92483      4.20000
    7426.800     12.92479      4.20000
    7431.000     12.92637      4.20000
    7435.200     12.92764      4.20000
    7439.400     12.92872      4.20000
    7443.600     12.92958      4.20000
    7447.800     12.92971      4.20000
    7452.000     12.92787      4.20000
    7456.200     12.92411      4.20000
    7460.400     12.92069      4.20000
    7464.600     12.92141      4.20000
    7468.800     12.92440      4.20000
    7473.000     12.92609      4.20000
    7477.200     12.92411      4.20000
    7481.400     12.92078      4.20000
    7485.600     12.91804      4.20000
    7489.800     12.91679      4.20000
    7494.000     12.91748      4.20000
    7498.200     12.91863      4.20000
    7502.400     12.92014      4.20000
    7506.600     12.92167      4.20000
    7510.800     12.92234      4.20000
    7515.000     12.92220      4.20000
    7519.200     12.91181      4.20000
    7523.400     12.91145      4.20000
    7527.600     12.90956      4.20000
    7531.800     12.90911      4.20000
    7536.000     12.91152      4.20000
    7540.200     12.91544      4.20000
    7544.400     12.91845      4.20000
    7548.600     12.91702      4.20000
    7552.800     12.91232      4.20000
    7557.000     12.91022      4.20000
    7561.200     12.91319      4.20000
    7565.400     12.91733      4.20000
    7569.600     12.91870      4.20000
    7573.800     12.91901      4.20000
    7578.000     12.92535      4.20000
    7582.200     12.91815      4.20000
    7586.400     12.91076      4.20000
    7590.600     12.90887      4.20000
    7594.800     12.90304      4.20000
    7599.000     12.89231      4.20000
    7603.200     12.89017      4.20000
    7607.400     12.90051      4.20000
    7611.600     12.91383      4.20000
    7615.800     12.91466      4.20000
    7620.000     12.90512      4.20000
    7624.200     12.90288      4.20000
    7628.400     12.90605      4.20000
    7632.600     12.90540      4.20000
    7636.800     12.90572      4.20000
    7641.000     12.90714      4.20000
    7645.200     12.90772      4.20000
    7649.400     12.90709      4.20000
    7653.600     12.90548      4.20000
    7657.800     12.90363      4.20000
    7662.000     12.90297      4.20000
    7666.200     12.90521      4.20000
    7670.400     12.90918      4.20000
    7674.600     12.91062      4.20000
    7678.800     12.90908      4.20000
    7683.000     12.90515      4.20000
    7687.200     12.91244      4.20000
    7691.400     12.91524      4.20000
    7695.600     12.91860      4.20000
    7699.800     12.91476      4.20000
    7704.000     12.91244      4.20000
    7708.200     12.91159      4.20000
    7712.400     12.90851      4.20000
    7716.600     12.90367      4.20000
    7720.800     12.90027      4.20000
    7725.000     12.89864      4.20000
    7729.200     12.89825      4.20000
    7733.400     12.89964      4.20000
    7737.600     12.90150      4.20000
    7741.800     12.90221      4.20000
    7746.000     12.90213      4.20000
    7750.200     12.90271      4.20000
    7754.400     12.90217      4.20000
    7758.600     12.89895      4.20000
    7762.800     12.89555      4.20000
    7767.000     12.89271      4.20000
    7771.200     12.89294      4.20000
    7775.400     12.89645      4.20000
    7779.600     12.89749      4.20000
    7783.800     12.89526      4.20000
    7788.000     12.89448      4.20000
    7792.200     12.89616      4.20000
    7796.400     12.89752      4.20000
    7800.600     12.89706      4.20000
    7804.800     12.89580      4.20000
    7809.000     12.89612      4.20000
    7813.200     12.89766      4.20000
    7817.400     12.89644      4.20000
    7821.600     12.89233      4.20000
    7825.800     12.89099      4.20000
    7830.000     12.89411      4.20000
    7834.200     12.89771      4.20000
    7838.400     12.89877      4.20000
    7842.600     12.89719      4.20000
    7846.800     12.89451      4.20000
    7851.000     12.89374      4.20000
    7855.200     12.89514      4.20000
    7859.400     12.89589      4.20000
    7863.600     12.89558      4.20000
    7867.800     12.89608      4.20000
    7872.000     12.89674      4.20000
    7876.200     12.89509      4.20000
    7880.400     12.89363      4.20000
    7884.600     12.89571      4.20000
    7888.800     12.89889      4.20000
    7893.000     12.89757      4.20000
    7897.200     12.89340      4.20000
    7901.400     12.89223      4.20000
    7905.600     12.89451      4.20000
    7909.800     12.89706      4.20000
    7914.000     12.89618      4.20000
    7918.200     12.89314      4.20000
    7922.400     12.89406      4.20000
    7926.600     12.89697      4.20000
    7930.800     12.89562      4.20000
    7935.000     12.89042      4.20000
    7939.200     12.88780      4.20000
    7943.400     12.88991      4.20000
    7947.600     12.89400      4.20000
    7951.800     12.89779      4.20000
    7956.000     12.89870      4.20000
    7960.200     12.89703      4.20000
    7964.400     12.89599      4.20000
    7968.600     12.89479      4.20000
    7972.800     12.89126      4.20000
    7977.000     12.88918      4.20000
    7981.200     12.89139      4.20000
    7985.400     12.89319      4.20000
    7989.600     12.89118      4.20000
    7993.800     12.88925      4.20000
    7998.000     12.89145      4.20000
    8002.200     12.89658      4.20000
    8006.400     12.89927      4.20000
    8010.600     12.89601      4.20000
    8014.800     12.89190      4.20000
    8019.000     12.89173      4.20000
    8023.200     12.89312      4.20000
    8027.400     12.89540      4.20000
    8031.600     12.89926      4.20000
    8035.800     12.90161      4.20000
    8040.000     12.89921      4.20000
    8044.200     12.89446      4.20000
    8048.400     12.89192      4.20000
    8052.600     12.89087      4.20000
    8056.800     12.88930      4.20000
    8061.000     12.88836      4.20000
    8065.200     12.88858      4.20000
    8069.400     12.89009      4.20000
    8073.600     12.89114      4.20000
    8077.800     12.88972      4.20000
    8082.000     12.88742      4.20000
    8086.200     12.88674      4.20000
    8090.400     12.88728      4.20000
    8094.600     12.88934      4.20000
    8098.800     12.89324      4.20000
    8103.000     12.89483      4.20000
    8107.200     12.89397      4.20000
    8111.400     12.89657      4.20000
    8115.600     12.90215      4.20000
    8119.800     12.90549      4.20000
    8124.000     12.90842      4.20000
    8128.200     12.90758      4.20000
    8132.400     12.89922      4.20000
    8136.600     12.89442      4.20000
    8140.800     12.89312      4.20000
    8145.000     12.89399      4.20000
    8149.200     12.89521      4.20000
    8153.400     12.89596      4.20000
    8157.600     12.89416      4.20000
    8161.800     12.89061      4.20000
    8166.000     12.88850      4.20000
    8170.200     12.89146      4.20000
    8174.400     12.89173      4.20000
    8178.600     12.88908      4.20000
    8182.800     12.88555      4.20000
    8187.000     12.88619      4.20000
    8191.200     12.88931      4.20000
    8195.400     12.89034      4.20000
    8199.600     12.89001      4.20000
    8203.800     12.89599      4.20000
    8208.000     12.90399      4.20000
    8212.200     12.90507      4.20000
    8216.400     12.89450      4.20000
    8220.600     12.88570      4.20000
    8224.800     12.88156      4.20000
    8229.000     12.88197      4.20000
    8233.200     12.88837      4.20000
    8237.400     12.89329      4.20000
    8241.600     12.89720      4.20000
    8245.800     12.90368      4.20000
    8250.000     12.90097      4.20000
    8254.200     12.90118      4.20000
    8258.400     12.90634      4.20000
    8262.600     12.91007      4.20000
    8266.800     12.90643      4.20000
    8271.000     12.90113      4.20000
    8275.200     12.89383      4.20000
    8279.400     12.89008      4.20000
    8283.600     12.89099      4.20000
    8287.800     12.89244      4.20000
    8292.000     12.89659      4.20000
    8296.200     12.89799      4.20000
    8300.400     12.90626      4.20000
    8304.600     12.90752      4.20000
    8308.800     12.90185      4.20000
    8313.000     12.89712      4.20000
    8317.200     12.89685      4.20000
    8321.400     12.89662      4.20000
    8325.600     12.90010      4.20000
    8329.800     12.89914      4.20000
    8334.000     12.90371      4.20000
    8338.200     12.90664      4.20000
    8342.400     12.90523      4.20000
    8346.600     12.90392      4.20000
    8350.800     12.90065      4.20000
    8355.000     12.89900      4.20000
    8359.200     12.89751      4.20000
    8363.400     12.89850      4.20000
    8367.600     12.89983      4.20000
    8371.800     12.89836      4.20000
    8376.000     12.89478      4.20000
    8380.200     12.89249      4.20000
    8384.400     12.89419      4.20000
    8388.600     12.89715      4.20000
    8392.800     12.89734      4.20000
    8397.000     12.89608      4.20000
    8401.200     12.89621      4.20000
    8405.400     12.89631      4.20000
    8409.600     12.89411      4.20000
    8413.800     12.89409      4.20000
    8418.000     12.89644      4.20000
    8422.200     12.89323      4.20000
    8426.400     12.88576      4.20000
    8430.600     12.88332      4.20000
    8434.800     12.88982      4.20000
    8439.000     12.89811      4.20000
    8443.200     12.89885      4.20000
    8447.400     12.89556      4.20000
    8451.600     12.89267      4.20000
    8455.800     12.88747      4.20000
    8460.000     12.88263      4.20000
    8464.200     12.88398      4.20000
    8468.400     12.89170      4.20000
    8472.600     12.89852      4.20000
    8476.800     12.89935      4.20000
    8481.000     12.89563      4.20000
    8485.200     12.89427      4.20000
    8489.400     12.90077      4.20000
    8493.600     12.90831      4.20000
    8497.800     12.90996      4.20000
    8502.000     12.90658      4.20000
    8506.200     12.90108      4.20000
    8510.400     12.89694      4.20000
    8514.600     12.89484      4.20000
    8518.800     12.89101      4.20000
    8523.000     12.88793      4.20000
    8527.200     12.88999      4.20000
    8531.400     12.89701      4.20000
    8535.600     12.91031      4.20000
    8539.800     12.92692      4.20000
    8544.000     12.93397      4.20000
    8548.200     12.92416      4.20000
    8552.400     12.90763      4.20000
    8556.600     12.89602      4.20000
    8560.800     12.89528      4.20000
    8565.000     12.89880      4.20000
    8569.200     12.89740      4.20000
    8573.400     12.89285      4.20000
    8577.600     12.89018      4.20000
    8581.800     12.89128      4.20000
    8586.000     12.89527      4.20000
    8590.200     12.89971      4.20000
    8594.400     12.90221      4.20000
    8598.600     12.90156      4.20000
    8602.800     12.90009      4.20000
    8607.000     12.90097      4.20000
    8611.200     12.90184      4.20000
    8615.400     12.90075      4.20000
    8619.600     12.89811      4.20000
    8623.800     12.89426      4.20000
    8628.000     12.89138      4.20000
    8632.200     12.89034      4.20000
    8636.400     12.88958      4.20000
    8640.600     12.88930      4.20000
    8644.800     12.89115      4.20000
    8649.000     12.89673      4.20000
    8653.200     12.90442      4.20000
    8657.400     12.91296      4.20000
    8661.600     12.92308      4.20000
    8665.800     12.92965      4.20000
    8670.000     12.92431      4.20000
    8674.200     12.91149      4.20000
    8678.400     12.90066      4.20000
    8682.600     12.89616      4.20000
    8686.800     12.89860      4.20000
    8691.000     12.90083      4.20000
    8695.200     12.89665      4.20000
    8699.400     12.89266      4.20000
    8703.600     12.89649      4.20000
    8707.800     12.90237      4.20000
    8712.000     12.90251      4.20000
    8716.200     12.90226      4.20000
    8720.400     12.90662      4.20000
    8724.600     12.90835      4.20000
    8728.800     12.90317      4.20000
    8733.000     12.89741      4.20000
    8737.200     12.89737      4.20000
    8741.400     12.90221      4.20000
    8745.600     12.90740      4.20000
    8749.800     12.91110      4.20000
    8754.000     12.91229      4.20000
    8758.200     12.91230      4.20000
    8762.400     12.91265      4.20000
    8766.600     12.91091      4.20000
    8770.800     12.90830      4.20000
    8775.000     12.90717      4.20000
    8779.200     12.90683      4.20000
    8783.400     12.90911      4.20000
    8787.600     12.91079      4.20000
    8791.800     12.90726      4.20000
    8796.000     12.90359      4.20000
    8800.200     12.90567      4.20000
    8804.400     12.91110      4.20000
    8808.600     12.91425      4.20000
    8812.800     12.91524      4.20000
    8817.000     12.91308      4.20000
    8821.200     12.90819      4.20000
    8825.400     12.90802      4.20000
    8829.600     12.91233      4.20000
    8833.800     12.91474      4.20000
    8838.000     12.91614      4.20000
    8842.200     12.91692      4.20000
    8846.400     12.91478      4.20000
    8850.600     12.91089      4.20000
    8854.800     12.91137      4.20000
    8859.000     12.91749      4.20000
    8863.200     12.92458      4.20000
    8867.400     12.92907      4.20000
    8871.600     12.92817      4.20000
    8875.800     12.92538      4.20000
    8880.000     12.92402      4.20000
    8884.200     12.91891      4.20000
    8888.400     12.91016      4.20000
    8892.600     12.90839      4.20000
    8896.800     12.91024      4.20000
    8901.000     12.90556      4.20000
    8905.200     12.90545      4.20000
    8909.400     12.91828      4.20000
    8913.600     12.92717      4.20000
    8917.800     12.92094      4.20000
    8922.000     12.91444      4.20000
    8926.200     12.92079      4.20000
    8930.400     12.93156      4.20000
    8934.600     12.93432      4.20000
    8938.800     12.93262      4.20000
    8943.000     12.93493      4.20000
    8947.200     12.94113      4.20000
    8951.400     12.94087      4.20000
    8955.600     12.94928      4.20000
    8959.800     12.95869      4.20000
    8964.000     12.95721      4.20000
    8968.200     12.95222      4.20000
    8972.400     12.95131      4.20000
    8976.600     12.95023      4.20000
    8980.800     12.94884      4.20000
    8985.000     12.93984      4.20000
    8989.200     12.93248      4.20000
    8993.400     12.93180      4.20000
    8997.600     12.92356      4.20000
    9001.800     12.91964      4.20000
    9006.000     12.92635      4.20000
    9010.200     12.93639      4.20000
    9014.400     12.94165      4.20000
    9018.600     12.93501      4.20000
    9022.800     12.92381      4.20000
    9027.000     12.91371      4.20000
    9031.200     12.91396      4.20000
    9035.400     12.93297      4.20000
    9039.600     12.94712      4.20000
    9043.800     12.94274      4.20000
    9048.000     12.94289      4.20000
    9052.200     12.94240      4.20000
    9056.400     12.95728      4.20000
    9060.600     12.95454      4.20000
    9064.800     12.94955      4.20000
    9069.000     12.95548      4.20000
    9073.200     12.96169      4.20000
    9077.400     12.96428      4.20000
    9081.600     12.97045      4.20000
    9085.800     12.97024      4.20000
    9090.000     12.97314      4.20000
    9094.200     12.97315      4.20000
    9098.400     12.97118      4.20000
    9102.600     12.97110      4.20000
    9106.800     12.97412      4.20000
    9111.000     12.97381      4.20000
    9115.200     12.96770      4.20000
    9119.400     12.96168      4.20000
    9123.600     12.95742      4.20000
    9127.800     12.96261      4.20000
    9132.000     12.97453      4.20000
    9136.200     12.98299      4.20000
    9140.400     12.96869      4.20000
    9144.600     12.96754      4.20000
    9148.800     12.97198      4.20000
    9153.000     12.97809      4.20000
    9157.200     12.98145      4.20000
    9161.400     12.97665      4.20000
    9165.600     12.97176      4.20000
    9169.800     12.96744      4.20000
    9174.000     12.96380      4.20000
    9178.200     12.96200      4.20000
    9182.400     12.96774      4.20000
    9186.600     12.96743      4.20000
    9190.800     12.96718      4.20000
    9195.000     12.96842      4.20000
    9199.200     12.96949      4.20000
    9203.400     12.95384      4.20000
    9207.600     12.93444      4.20000
    9211.800     12.91712      4.20000
    9216.000     12.91863      4.20000
    9220.200     12.93744      4.20000
    9224.400     12.97581      4.20000
    9228.600     12.98898      4.20000
    9232.800     12.99262      4.20000
    9237.000     12.94183      4.20000
    9241.200     12.95011      4.20000
    9245.400     12.92020      4.20000
    9249.600     12.93734      4.20000
    9253.800     12.94872      4.20000
    9258.000     12.94887      4.20000
    9262.200     12.94758      4.20000
    9266.400     12.95766      4.20000
    9270.600     12.96824      4.20000
    9274.800     12.96514      4.20000
    9279.000     12.97200      4.20000
    9283.200     12.98326      4.20000
    9287.400     12.98553      4.20000
    9291.600     12.98079      4.20000
    9295.800     12.97242      4.20000
    9300.000     12.96555      4.20000
    9304.200     12.96351      4.20000
    9308.400     12.96514      4.20000
    9312.600     12.96507      4.20000
    9316.800     12.96799      4.20000
    9321.000     12.97548      4.20000
    9325.200     12.96972      4.20000
    9329.400     12.94520      4.20000
    9333.600     12.93038      4.20000
    9337.800     12.93589      4.20000
    9342.000     12.93628      4.20000
    9346.200     12.93573      4.20000
    9350.400     12.95315      4.20000
    9354.600     12.97221      4.20000
    9358.800     12.96975      4.20000
    9363.000     12.95241      4.20000
    9367.200     12.95203      4.20000
    9371.400     12.96356      4.20000
    9375.600     12.95378      4.20000
    9379.800     12.93464      4.20000
    9384.000     12.93721      4.20000
    9388.200     12.95526      4.20000
    9392.400     12.96699      4.20000
    9396.600     12.96648      4.20000
    9400.800     12.96058      4.20000
    9405.000     12.95161      4.20000
    9409.200     12.95245      4.20000
    9413.400     12.96378      4.20000
    9417.600     12.97533      4.20000
    9421.800     12.97027      4.20000
    9426.000     12.96461      4.20000
    9430.200     12.95772      4.20000
    9434.400     12.94185      4.20000
    9438.600     12.93920      4.20000
    9442.800     12.95837      4.20000
    9447.000     12.96807      4.20000
    9451.200     12.95369      4.20000
    9455.400     12.94785      4.20000
    9459.600     12.95526      4.20000
    9463.800     12.97969      4.20000
    9468.000     12.99125      4.20000
    9472.200     12.98845      4.20000
    9476.400     12.97826      4.20000
    9480.600     12.96668      4.20000
    9484.800     12.95751      4.20000
    9489.000     12.95210      4.20000
    9493.200     12.95764      4.20000
    9497.400     12.96449      4.20000
    9501.600     12.95510      4.20000
    9505.800     12.94452      4.20000
    9510.000     12.94282      4.20000
    9514.200     12.94371      4.20000
    9518.400     12.94349      4.20000
    9522.600     12.93586      4.20000
    9526.800     12.92225      4.20000
    9531.000     12.90334      4.20000
    9535.200     12.88435      4.20000
    9539.400     12.90613      4.20000
    9543.600     12.94679      4.20000
    9547.800     12.96142      4.20000
    9552.000     12.94500      4.20000
    9556.200     12.93359      4.20000
    9560.400     12.93914      4.20000
    9564.600     12.94168      4.20000
    9568.800     12.92714      4.20000
    9573.000     12.93777      4.20000
    9577.200     12.94211      4.20000
    9581.400     12.94231      4.20000
    9585.600     12.94447      4.20000
    9589.800     12.94879      4.20000
    9594.000     12.95164      4.20000
    9598.200     12.96159      4.20000
    9602.400     12.96938      4.20000
    9606.600     12.97097      4.20000
    9610.800     12.96966      4.20000
    9615.000     12.96880      4.20000
    9619.200     12.97120      4.20000
    9623.400     12.97846      4.20000
    9627.600     12.98390      4.20000
    9631.800     12.98464      4.20000
    9636.000     12.98802      4.20000
    9640.200     12.98722      4.20000
    9644.400     12.98197      4.20000
    9648.600     12.97462      4.20000
    9652.800     12.96524      4.20000
    9657.000     12.95587      4.20000
    9661.200     12.95721      4.20000
    9665.400     12.96892      4.20000
    9669.600     12.98031      4.20000
    9673.800     12.98640      4.20000
    9678.000     12.98518      4.20000
    9682.200     12.98066      4.20000
    9686.400     12.97770      4.20000
    9690.600     12.98251      4.20000
    9694.800     12.97212      4.20000
    9699.000     12.96404      4.20000
    9703.200     12.96353      4.20000
    9707.400     12.96101      4.20000
    9711.600     12.96161      4.20000
    9715.800     12.98110      4.20000
    9720.000     13.00598      4.20000
    9724.200     13.00083      4.20000
    9728.400     12.98438      4.20000
    9732.600     12.97376      4.20000
    9736.800     12.97231      4.20000
    9741.000     12.98497      4.20000
    9745.200     12.99283      4.20000
    9749.400     12.99679      4.20000
    9753.600     12.99300      4.20000
    9757.800     12.98990      4.20000
    9762.000     12.99430      4.20000
    9766.200     12.98477      4.20000
    9770.400     12.99457      4.20000
    9774.600     13.00153      4.20000
    9778.800     12.98905      4.20000
    9783.000     12.97579      4.20000
    9787.200     12.98076      4.20000
    9791.400     12.99563      4.20000
    9795.600     12.99520      4.20000
    9799.800     12.98906      4.20000
    9804.000     12.99937      4.20000
    9808.200     12.99267      4.20000
    9812.400     12.98242      4.20000
    9816.600     12.97873      4.20000
    9820.800     12.97506      4.20000
    9825.000     12.96817      4.20000
    9829.200     12.96448      4.20000
    9833.400     12.96173      4.20000
    9837.600     12.95450      4.20000
    9841.800     12.95189      4.20000
    9846.000     12.95903      4.20000
    9850.200     12.96295      4.20000
    9854.400     12.95746      4.20000
    9858.600     12.93962      4.20000
    9862.800     12.92697      4.20000
    9867.000     12.93994      4.20000
    9871.200     12.95791      4.20000
    9875.400     12.95892      4.20000
    9879.600     12.95694      4.20000
    9883.800     12.95362      4.20000
    9888.000     12.94816      4.20000
    9892.200     12.94178      4.20000
    9896.400     12.93698      4.20000
    9900.600     12.93615      4.20000
    9904.800     12.94279      4.20000
    9909.000     12.94214      4.20000
    9913.200     12.91822      4.20000
    9917.400     12.90306      4.20000
    9921.600     12.94023      4.20000
    9925.800     12.98336      4.20000
    9930.000     12.94877      4.20000
    9934.200     12.87996      4.20000
    9938.400     12.86824      4.20000
    9942.600     12.88569      4.20000
    9946.800     12.89772      4.20000
    9951.000     12.92197      4.20000
    9955.200     12.95689      4.20000
    9959.400     12.95645      4.20000
    9963.600     12.92895      4.20000
    9967.800     12.94263      4.20000
    9972.000     12.98900      4.20000
    9976.200     12.98483      4.20000
    9980.400     12.94001      4.20000
    9984.600     12.94380      4.20000
    9988.800     13.01769      4.20000
    9993.000     13.01926      4.20000
    9997.200     12.93877      4.20000
   10001.400     12.90410      4.20000
   10005.600     12.91141      4.20000
   10009.800     12.90686      4.20000
   10014.000     12.89773      4.20000
   10018.200     12.88626      4.20000
   10022.400     12.87474      4.20000
   10026.600     12.86940      4.20000
   10030.800     12.87527      4.20000
   10035.000     12.86156      4.20000
   10039.200     12.85144      4.20000
   10043.400     12.89918      4.20000
   10047.600     12.92057      4.20000
   10051.800     12.88332      4.20000
   10056.000     12.85076      4.20000
   10060.200     12.87358      4.20000
   10064.400     12.88782      4.20000
   10068.600     12.88081      4.20000
   10072.800     12.88298      4.20000
   10077.000     12.89192      4.20000
   10081.200     12.89732      4.20000
   10085.400     12.89799      4.20000
   10089.600     12.91889      4.20000
   10093.800     12.94137      4.20000
   10098.000     12.90621      4.20000
   10102.200     12.84846      4.20000
   10106.400     12.91115      4.20000
   10110.600     12.99097      4.20000
   10114.800     12.94945      4.20000
   10119.000     12.86988      4.20000
   10123.200     12.89053      4.20000
   10127.400     13.06892      4.20000
   10131.600     13.10580      4.20000
   10135.800     13.07102      4.20000
   10140.000     13.09159      4.20000
   10144.200     12.90041      4.20000
   10148.400     12.66362      4.20000
   10152.600     12.67287      4.20000
   10156.800     12.88981      4.20000
   10161.000     13.09323      4.20000
   10165.200     13.11486      4.20000
   10169.400     12.98291      4.20000
   10173.600     12.91073      4.20000
   10177.800     13.01010      4.20000
   10182.000     13.06302      4.20000
   10186.200     12.90957      4.20000
   10190.400     12.83989      4.20000
   10194.600     12.97614      4.20000
   10198.800     13.05927      4.20000
   10203.000     12.95574      4.20000
   10207.200     12.94019      4.20000
   10211.400     12.95452      4.20000
