    500.0  27.954   0.83 
   500.83  27.897   0.84 
   501.67  27.843   0.84 
   502.51  27.792   0.84 
   503.35  27.743   0.84 
   504.19  27.696   0.84 
   505.03  27.652   0.84 
   505.87  27.608   0.85 
   506.72  27.567   0.84 
   507.56  27.527   0.85 
   508.41  27.489   0.85 
   509.26  27.451   0.85 
   510.11  27.415   0.85 
   510.96  27.381   0.85 
   511.81  27.347   0.86 
   512.67  27.314   0.85 
   513.52  27.282   0.86 
   514.38  27.251   0.86 
   515.24  27.221   0.86 
    516.1  27.191   0.86 
   516.96  27.163   0.86 
   517.82  27.135   0.87 
   518.69  27.108   0.86 
   519.55  27.081   0.87 
   520.42  27.055   0.87 
   521.29  27.029   0.87 
   522.16  27.005   0.87 
   523.03   26.98   0.87 
    523.9  26.956   0.88 
   524.78  26.933   0.87 
   525.65   26.91   0.88 
   526.53  26.887   0.88 
   527.41  26.865   0.88 
   528.29  26.844   0.88 
   529.17  26.822   0.89 
   530.06  26.801   0.88 
   530.94  26.781   0.89 
   531.83  26.761   0.88 
   532.71  26.741   0.89 
    533.6  26.721   0.89 
   534.49  26.702    0.9 
   535.39  26.683   0.89 
   536.28  26.665    0.9 
   537.18  26.646   0.89 
   538.07  26.628    0.9 
   538.97  26.611    0.9 
   539.87  26.593    0.9 
   540.77  26.576    0.9 
   541.67  26.559   0.91 
   542.58  26.542    0.9 
   543.48  26.526   0.91 
   544.39  26.509   0.91 
    545.3  26.493   0.91 
   546.21  26.462   0.91 
   547.12  26.417   0.91 
   548.03  26.375   0.92 
   548.95  26.333   0.92 
   549.87  26.294   0.91 
   550.78  26.255   0.92 
    551.7  26.218   0.92 
   552.62  26.183   0.93 
   553.55  26.148   0.92 
   554.47  26.114   0.93 
    555.4  26.082   0.92 
   556.32   26.05   0.93 
   557.25  26.019   0.93 
   558.18  25.989   0.93 
   559.11   25.96   0.94 
   560.05  25.931   0.93 
   560.98  25.903   0.94 
   561.92  25.876   0.94 
   562.86   25.85   0.94 
    563.8  25.824   0.94 
   564.74  25.799   0.94 
   565.68  25.774   0.94 
   566.62  25.749   0.95 
   567.57  25.726   0.95 
   568.52  25.702   0.95 
   569.47   25.68   0.95 
   570.42  25.657   0.95 
   571.37  25.635   0.95 
   572.32  25.614   0.96 
   573.28  25.592   0.95 
   574.23  25.572   0.96 
   575.19  25.551   0.96 
   576.15  25.531   0.96 
   577.11  25.511   0.97 
   578.08  25.492   0.96 
   579.04  25.473   0.97 
   580.01  25.454   0.97 
   580.98  25.435   0.97 
   581.95  25.417   0.97 
   582.92  25.399   0.97 
   583.89  25.381   0.98 
   584.87  25.364   0.97 
   585.84  25.347   0.98 
   586.82   25.33   0.98 
    587.8  25.313   0.98 
   588.78  25.297   0.98 
   589.76   25.28   0.99 
   590.75  25.264   0.98 
   591.73  25.243   0.99 
   592.72  25.205   0.99 
   593.71  25.169   0.99 
    594.7  25.134    1.0 
    595.7    25.1   0.99 
   596.69  25.067    1.0 
   597.69  25.034   0.99 
   598.68  25.003    1.0 
   599.68  24.973    1.0 
   600.68  24.943   1.01 
   601.69  24.914    1.0 
   602.69  24.886   1.01 
    603.7  24.859    1.0 
    604.7  24.832   1.01 
   605.71  24.806   1.01 
   606.72   24.78   1.02 
   607.74  24.755   1.01 
   608.75  24.731   1.02 
   609.77  24.707   1.02 
   610.79  24.683   1.02 
   611.81   24.66   1.02 
   612.83  24.637   1.02 
   613.85  24.615   1.02 
   614.87  24.594   1.03 
    615.9  24.572   1.03 
   616.93  24.551   1.03 
   617.96  24.531   1.03 
   618.99   24.51   1.03 
   620.02  24.491   1.04 
   621.06  24.471   1.03 
   622.09  24.452   1.04 
   623.13  24.433   1.04 
   624.17  24.414   1.05 
   625.22  24.396   1.04 
   626.26  24.378   1.04 
    627.3   24.36   1.05 
   628.35  24.342   1.05 
    629.4  24.325   1.05 
   630.45  24.308   1.05 
    631.5  24.291   1.06 
   632.56  24.275   1.05 
   633.61  24.258   1.06 
   634.67  24.242   1.06 
   635.73  24.226   1.06 
   636.79   24.21   1.06 
   637.85  24.185   1.07 
   638.92  24.153   1.07 
   639.99  24.122   1.06 
   641.05  24.092   1.07 
   642.12  24.062   1.08 
    643.2  24.034   1.07 
   644.27  24.006   1.07 
   645.34  23.978   1.08 
   646.42  23.952   1.08 
    647.5  23.925   1.08 
   648.58    23.9   1.08 
   649.66  23.875   1.09 
   650.75  23.851   1.09 
   651.84  23.827   1.08 
   652.92  23.803   1.09 
   654.01   23.78   1.09 
    655.1  23.758    1.1 
    656.2  23.736   1.09 
   657.29  23.714    1.1 
   658.39  23.693    1.1 
   659.49  23.672    1.1 
   660.59  23.652    1.1 
   661.69  23.631   1.11 
    662.8  23.612    1.1 
    663.9  23.592   1.11 
   665.01  23.573   1.11 
   666.12  23.554   1.11 
   667.23  23.536   1.12 
   668.35  23.517   1.11 
   669.46  23.499   1.12 
   670.58  23.482   1.12 
    671.7  23.464   1.12 
   672.82  23.447   1.12 
   673.94   23.43   1.13 
   675.07  23.413   1.13 
    676.2  23.397   1.13 
   677.33   23.38   1.13 
   678.46  23.364   1.13 
   679.59  23.348   1.13 
   680.72  23.333   1.14 
   681.86  23.317   1.14 
    683.0  23.302   1.14 
   684.14  23.274   1.14 
   685.28  23.246   1.14 
   686.42  23.219   1.15 
   687.57  23.192   1.15 
   688.72  23.166   1.15 
   689.87  23.141   1.15 
   691.02  23.116   1.15 
   692.17  23.092   1.16 
   693.33  23.068   1.15 
   694.48  23.045   1.16 
   695.64  23.022   1.16 
    696.8    23.0   1.17 
   697.97  22.978   1.16 
   699.13  22.956   1.17 
    700.3  22.935   1.17 
   701.47  22.915   1.17 
   702.64  22.894   1.17 
   703.81  22.874   1.18 
   704.99  22.854   1.17 
   706.16  22.835   1.18 
   707.34  22.816   1.18 
   708.52  22.797   1.19 
   709.71  22.779   1.18 
   710.89  22.761   1.19 
   712.08  22.743   1.19 
   713.27  22.725   1.19 
   714.46  22.708   1.19 
   715.65   22.69   1.19 
   716.84  22.674    1.2 
   718.04  22.657    1.2 
   719.24  22.641    1.2 
   720.44  22.624    1.2 
   721.64  22.608   1.21 
   722.85  22.593    1.2 
   724.05  22.577   1.21 
   725.26  22.562   1.21 
   726.47  22.546   1.21 
   727.68  22.531   1.22 
    728.9  22.515   1.22 
   730.12   22.49   1.21 
   731.33  22.465   1.23 
   732.56  22.441   1.22 
   733.78  22.417   1.22 
    735.0  22.394   1.23 
   736.23  22.371   1.23 
   737.46  22.349   1.23 
   738.69  22.327   1.23 
   739.92  22.306   1.24 
   741.16  22.284   1.24 
    742.4  22.264   1.23 
   743.63  22.243   1.25 
   744.88  22.223   1.24 
   746.12  22.204   1.24 
   747.36  22.184   1.25 
   748.61  22.165   1.25 
   749.86  22.147   1.25 
   751.11  22.128   1.26 
   752.37   22.11   1.25 
   753.62  22.092   1.26 
   754.88  22.074   1.26 
   756.14  22.057   1.26 
    757.4   22.04   1.27 
   758.67  22.023   1.26 
   759.93  22.006   1.27 
    761.2   21.99   1.27 
   762.47  21.974   1.28 
   763.75  21.958   1.27 
   765.02  21.942   1.28 
    766.3  21.927   1.28 
   767.58  21.911   1.28 
   768.86  21.896   1.28 
   770.14  21.881   1.29 
   771.43  21.866   1.28 
   772.71  21.852   1.29 
    774.0  21.837    1.3 
    775.3  21.817   1.29 
   776.59  21.795    1.3 
   777.89  21.773   1.29 
   779.18  21.751   1.31 
   780.49   21.73    1.3 
   781.79  21.709    1.3 
   783.09  21.688   1.31 
    784.4  21.668   1.31 
   785.71  21.648   1.31 
   787.02  21.629   1.32 
   788.34  21.609   1.31 
   789.65  21.591   1.32 
   790.97  21.572   1.32 
   792.29  21.554   1.32 
   793.61  21.536   1.33 
   794.94  21.518   1.32 
   796.26    21.5   1.33 
   797.59  21.483   1.33 
   798.92  21.466   1.34 
   800.26  21.449   1.33 
   801.59  21.433   1.34 
   802.93  21.417   1.34 
   804.27    21.4   1.34 
   805.61  21.385   1.35 
   806.96  21.369   1.35 
   808.31  21.353   1.35 
   809.66  21.338   1.35 
   811.01  21.323   1.35 
   812.36  21.308   1.36 
   813.72  21.294   1.35 
   815.07  21.279   1.37 
   816.44  21.265   1.36 
    817.8   21.25   1.36 
   819.16  21.236   1.37 
   820.53  21.221   1.37 
    821.9    21.2   1.37 
   823.27   21.18   1.38 
   824.65   21.16   1.37 
   826.02   21.14   1.38 
    827.4  21.121   1.38 
   828.78  21.102   1.39 
   830.17  21.083   1.38 
   831.55  21.065   1.39 
   832.94  21.047   1.39 
   834.33  21.029   1.39 
   835.72  21.011    1.4 
   837.12  20.994    1.4 
   838.52  20.977   1.39 
   839.91   20.96   1.41 
   841.32  20.943    1.4 
   842.72  20.927   1.41 
   844.13  20.911   1.41 
   845.54  20.895   1.41 
   846.95  20.879   1.41 
   848.36  20.864   1.42 
   849.78  20.848   1.42 
    851.2  20.833   1.42 
   852.62  20.818   1.42 
   854.04  20.803   1.43 
   855.47  20.789   1.42 
   856.89  20.774   1.43 
   858.32   20.76   1.44 
   859.76  20.746   1.43 
   861.19  20.732   1.44 
   862.63  20.718   1.44 
   864.07  20.705   1.44 
   865.51  20.691   1.45 
   866.96  20.679   1.44 
    868.4  20.668   1.45 
   869.85  20.657   1.46 
   871.31  20.647   1.45 
   872.76  20.636   1.46 
   874.22  20.625   1.46 
   875.68  20.615   1.46 
   877.14  20.604   1.46 
    878.6  20.594   1.47 
   880.07  20.584   1.47 
   881.54  20.574   1.47 
   883.01  20.564   1.47 
   884.48  20.554   1.48 
   885.96  20.544   1.48 
   887.44  20.534   1.48 
   888.92  20.524   1.48 
    890.4  20.514   1.49 
   891.89  20.505   1.49 
   893.38  20.495   1.49 
   894.87  20.486   1.49 
   896.36  20.476    1.5 
   897.86  20.467    1.5 
   899.36  20.458    1.5 
   900.86  20.448    1.5 
   902.36  20.439   1.51 
   903.87   20.43   1.51 
   905.38  20.421   1.51 
   906.89  20.412   1.51 
    908.4  20.403   1.52 
   909.92  20.394   1.52 
   911.44  20.386   1.52 
   912.96  20.377   1.52 
   914.48  20.369   1.53 
   916.01  20.341   1.53 
   917.54  20.256   1.53 
   919.07  20.086   1.53 
    920.6   19.96   1.54 
   922.14  19.599   1.54 
   923.68  19.794   1.54 
   925.22  19.435   1.55 
   926.77  19.691   1.54 
   928.31  19.122   1.55 
   929.86  19.388   1.56 
   931.42  19.554   1.55 
   932.97  18.996   1.56 
   934.53  18.876   1.56 
   936.09  19.054   1.56 
   937.65  19.894   1.56 
   939.21  19.093   1.57 
   940.78  18.759   1.57 
   942.35  18.534   1.58 
   943.93  18.452   1.57 
    945.5  18.553   1.58 
   947.08  18.776   1.58 
   948.66  19.149   1.58 
   950.24  19.437   1.59 
   951.83  18.847   1.59 
   953.42  18.529   1.59 
   955.01  18.219   1.59 
    956.6  17.916    1.6 
    958.2  17.659    1.6 
    959.8  17.479    1.6 
    961.4  17.423   1.61 
   963.01  17.493   1.61 
   964.62  17.672   1.61 
   966.23  17.928   1.61 
   967.84  18.213   1.61 
   969.45  18.496   1.62 
   971.07  18.818   1.62 
   972.69  19.401   1.63 
   974.32  18.778   1.62 
   975.94  18.367   1.63 
   977.57  18.039   1.63 
    979.2  17.698   1.64 
   980.84   17.36   1.64 
   982.48  17.005   1.64 
   984.12  16.698   1.64 
   985.76  16.381   1.64 
    987.4  16.122   1.65 
   989.05  15.881   1.65 
    990.7  15.687   1.66 
   992.36  15.529   1.65 
   994.01  15.412   1.66 
   995.67  15.327   1.66 
   997.33  15.288   1.67 
    999.0  15.268   1.67 
  1000.67  15.306   1.67 
  1002.34  15.359   1.67 
  1004.01  15.462   1.68 
  1005.69   15.59   1.67 
  1007.36  15.762   1.69 
  1009.05  15.959   1.68 
  1010.73  16.194   1.69 
  1012.42  16.445   1.69 
  1014.11  16.744   1.69 
   1015.8  17.013    1.7 
   1017.5  17.317   1.69 
  1019.19  17.607   1.71 
   1020.9  17.873    1.7 
   1022.6  18.138   1.71 
  1024.31  18.496   1.71 
  1026.02  18.737   1.71 
  1027.73  18.095   1.71 
  1029.44  17.699   1.72 
  1031.16  17.411   1.72 
  1032.88  17.183   1.73 
  1034.61  16.995   1.72 
  1036.33  16.825   1.73 
  1038.06   16.33   1.74 
   1039.8  15.993   1.73 
  1041.53  15.736   1.74 
  1043.27  15.529   1.74 
  1045.01  15.354   1.75 
  1046.76  15.204   1.75 
  1048.51  14.991   1.75 
  1050.26  14.814   1.75 
  1052.01  14.664   1.75 
  1053.76  14.533   1.76 
  1055.52  14.417   1.77 
  1057.29  14.313   1.76 
  1059.05  14.223   1.77 
  1060.82  14.142   1.77 
  1062.59  14.067   1.77 
  1064.36  13.997   1.78 
  1066.14  13.933   1.78 
  1067.92  13.872   1.78 
   1069.7  13.831   1.79 
  1071.49  13.793   1.79 
  1073.28  13.756   1.79 
  1075.07   13.72   1.79 
  1076.86  13.685    1.8 
  1078.66  13.653    1.8 
  1080.46  13.637    1.8 
  1082.26  13.621   1.81 
  1084.07  13.605   1.81 
  1085.88   13.59   1.81 
  1087.69  13.574   1.82 
  1089.51   13.56   1.81 
  1091.32  13.545   1.83 
  1093.15  13.531   1.82 
  1094.97  13.517   1.83 
   1096.8  13.504   1.83 
  1098.63   13.49   1.83 
  1100.46  13.481   1.84 
   1102.3  13.476   1.84 
  1104.14  13.472   1.84 
  1105.98  13.467   1.85 
  1107.83  13.462   1.85 
  1109.68  13.458   1.85 
  1111.53  13.456   1.86 
  1113.39  13.455   1.85 
  1115.24  13.454   1.87 
  1117.11  13.453   1.86 
  1118.97  13.452   1.87 
  1120.84  13.451   1.87 
  1122.71  13.453   1.87 
  1124.58  13.456   1.88 
  1126.46  13.458   1.88 
  1128.34   13.46   1.88 
  1130.22  13.463   1.89 
  1132.11  13.466   1.89 
   1134.0  13.472    1.9 
   1135.9  13.478   1.89 
  1137.79  13.484    1.9 
  1139.69   13.49    1.9 
  1141.59  13.496   1.91 
   1143.5  13.506   1.91 
  1145.41  13.517   1.91 
  1147.32  13.528   1.91 
  1149.23  13.539   1.92 
  1151.15   13.55   1.92 
  1153.07  13.564   1.93 
   1155.0  13.583   1.93 
  1156.93  13.602   1.93 
  1158.86  13.622   1.54 
   1160.4  13.688    1.2 
   1161.6  13.604    1.2 
   1162.8  13.645    1.2 
   1164.0  13.662    1.2 
   1165.2  13.776    1.2 
   1166.4  13.841    1.2 
   1167.6  13.834    1.2 
   1168.8  13.784    1.0 
   1169.8  13.871    1.2 
   1171.0  14.043    1.2 
   1172.2  13.976    1.2 
   1173.4  13.989    1.2 
   1174.6  14.001    1.2 
   1175.8  14.049    1.2 
   1177.0  14.098    1.2 
   1178.2  14.192    1.2 
   1179.4  14.273    1.2 
   1180.6  14.306    1.0 
   1181.6  14.366    1.2 
   1182.8  14.512    1.2 
   1184.0  14.546    1.2 
   1185.2  14.436    1.2 
   1186.4  14.614    1.2 
   1187.6  14.723    1.2 
   1188.8   14.78    1.2 
   1190.0   14.82    1.2 
   1191.2  14.972    1.2 
   1192.4  15.158    1.0 
   1193.4  15.207    1.2 
   1194.6  15.235    1.2 
   1195.8  15.261    1.2 
   1197.0  15.287    1.2 
   1198.2  15.417    1.2 
   1199.4  15.597   0.76 
  1200.16  15.475   2.01 
  1202.17  15.718    2.0 
  1204.17  16.031   2.01 
  1206.18  16.294   2.02 
   1208.2  16.463   2.01 
  1210.21  16.665   2.02 
  1212.23  16.914   2.03 
  1214.26  17.242   2.03 
  1216.29   17.44   2.02 
  1218.31  17.116   2.04 
  1220.35  16.912   2.04 
  1222.39  16.736   2.04 
  1224.43  16.539   0.97 
   1225.4  16.408    1.2 
   1226.6  16.619    1.2 
   1227.8  16.404    1.0 
   1228.8  16.249    1.2 
   1230.0  16.238    1.2 
   1231.2  16.365    1.2 
   1232.4  15.949    1.2 
   1233.6  15.747    1.2 
   1234.8   15.64    1.2 
   1236.0  15.418    1.2 
   1237.2  15.245    1.2 
   1238.4  15.089    1.2 
   1239.6  14.938    1.0 
   1240.6  14.752    1.2 
   1241.8  14.622    1.2 
   1243.0  14.582    1.2 
   1244.2  14.532    1.2 
   1245.4   14.44    1.2 
   1246.6  14.356    1.2 
   1247.8  14.315    1.2 
   1249.0  14.281    1.2 
   1250.2  14.147    1.2 
   1251.4  14.143    1.0 
   1252.4  14.086    1.2 
   1253.6  14.072    1.2 
   1254.8  13.995    1.2 
   1256.0   13.96    1.2 
   1257.2  13.957    1.2 
   1258.4  13.903    1.2 
   1259.6   13.85    1.2 
   1260.8  13.776    1.2 
   1262.0  13.777    1.2 
   1263.2  13.725    1.0 
   1264.2  13.749    1.2 
   1265.4  13.754    1.2 
   1266.6  13.675    1.2 
   1267.8  13.678    1.2 
   1269.0   13.64    1.2 
   1270.2   13.58    1.2 
   1271.4  13.538    1.2 
   1272.6  13.546    1.2 
   1273.8  13.534    1.2 
   1275.0  13.623    1.0 
   1276.0  13.562    1.2 
   1277.2  13.546    1.2 
   1278.4  13.537    1.2 
   1279.6  13.487    1.2 
   1280.8  13.493    1.2 
   1282.0  13.461    1.2 
   1283.2  13.526    1.2 
   1284.4  13.496    1.2 
   1285.6  13.474    1.2 
   1286.8  13.516    1.0 
   1287.8  13.472    1.2 
   1289.0  13.449    1.2 
   1290.2  13.479    1.2 
   1291.4  13.486    1.2 
   1292.6   13.45    1.2 
   1293.8  13.463    1.2 
   1295.0  13.401    1.2 
   1296.2  13.401    1.2 
   1297.4  13.366    1.2 
   1298.6  13.458    1.0 
   1299.6  13.494    1.2 
   1300.8  13.513    1.2 
   1302.0  13.458    1.2 
   1303.2  13.441    1.2 
   1304.4  13.484    1.2 
   1305.6  13.418    1.2 
   1306.8  13.457    1.2 
   1308.0  13.445    1.2 
   1309.2  13.386    1.2 
   1310.4  13.366    1.0 
   1311.4  13.463    1.2 
   1312.6  13.399    1.2 
   1313.8    13.4    1.2 
   1315.0  13.357    1.2 
   1316.2  13.382    1.2 
   1317.4  13.442    1.2 
   1318.6  13.386    1.2 
   1319.8  13.399    1.2 
   1321.0  13.415    1.0 
   1322.0  13.367    1.2 
   1323.2  13.368    1.2 
   1324.4  13.406    1.2 
   1325.6  13.392    1.2 
   1326.8  13.476    1.2 
   1328.0   13.42    1.2 
   1329.2  13.398    1.2 
   1330.4  13.444    1.2 
   1331.6  13.397    1.2 
   1332.8   13.45    1.0 
   1333.8  13.439    1.2 
   1335.0  13.453    1.2 
   1336.2  13.453    1.2 
   1337.4  13.413    1.2 
   1338.6  13.412    1.2 
   1339.8  13.476    1.2 
   1341.0  13.426    1.2 
   1342.2   13.36    1.2 
   1343.4  13.393    1.2 
   1344.6   13.42    1.0 
   1345.6  13.384    1.2 
   1346.8  13.359    1.2 
   1348.0  13.403    1.2 
   1349.2  13.448    1.2 
   1350.4  13.459    1.2 
   1351.6  13.436    1.2 
   1352.8  13.458    1.2 
   1354.0  13.428    1.2 
   1355.2  13.477    1.2 
   1356.4  13.491    1.0 
   1357.4  13.488    1.2 
   1358.6  13.453    1.2 
   1359.8  13.443    1.2 
   1361.0  13.408    1.2 
   1362.2  13.443    1.2 
   1363.4  13.466    1.2 
   1364.6  13.376    1.2 
   1365.8  13.379    1.2 
   1367.0  13.481    1.2 
   1368.2  13.451    1.0 
   1369.2  13.487    1.2 
   1370.4  13.523    1.2 
   1371.6  13.475    1.2 
   1372.8  13.437    1.2 
   1374.0  13.488    1.2 
   1375.2  13.471    1.2 
   1376.4  13.463    1.2 
   1377.6  13.462    1.2 
   1378.8  13.545    1.2 
   1380.0  13.472    1.0 
   1381.0  13.441    1.2 
   1382.2  13.555    1.2 
   1383.4  13.534    1.2 
   1384.6  13.487    1.2 
   1385.8  13.534    1.2 
   1387.0  13.485    1.2 
   1388.2  13.476    1.2 
   1389.4   13.53    1.2 
   1390.6  13.587    1.2 
   1391.8  13.514    1.0 
   1392.8   13.54    1.2 
   1394.0  13.548    1.2 
   1395.2  13.537    1.2 
   1396.4  13.583    1.2 
   1397.6  13.575    1.2 
   1398.8  13.504    1.2 
   1400.0  13.514    1.2 
   1401.2  13.551    1.2 
   1402.4  13.588    1.2 
   1403.6  13.537    1.0 
   1404.6  13.492    1.2 
   1405.8  13.512    1.2 
   1407.0  13.517    1.2 
   1408.2   13.52    1.2 
   1409.4  13.471    1.2 
   1410.6  13.528    1.2 
   1411.8  13.458    1.2 
   1413.0  13.515    1.2 
   1414.2  13.538    1.2 
   1415.4  13.437    1.0 
   1416.4  13.535    1.2 
   1417.6  13.514    1.2 
   1418.8  13.511    1.2 
   1420.0  13.542    1.2 
   1421.2  13.486    1.2 
   1422.4  13.487    1.2 
   1423.6  13.549    1.2 
   1424.8   13.47    1.2 
   1426.0  13.447    1.2 
   1427.2  13.488    1.0 
   1428.2  13.501    1.2 
   1429.4  13.426    1.2 
   1430.6  13.544    1.2 
   1431.8  13.468    1.2 
   1433.0  13.416    1.2 
   1434.2  13.518    1.2 
   1435.4  13.464    1.2 
   1436.6  13.537    1.2 
   1437.8  13.512    1.2 
   1439.0  13.427    1.0 
   1440.0  13.507    1.2 
   1441.2  13.547    1.2 
   1442.4  13.487    1.2 
   1443.6  13.558    1.2 
   1444.8  13.563    1.2 
   1446.0  13.481    1.2 
   1447.2  13.464    1.2 
   1448.4  13.495    1.2 
   1449.6  13.524    1.2 
   1450.8  13.502    1.0 
   1451.8   13.52    1.2 
   1453.0  13.552    1.2 
   1454.2  13.536    1.2 
   1455.4  13.479    1.2 
   1456.6  13.405    1.2 
   1457.8  13.432    1.2 
   1459.0  13.519    1.2 
   1460.2  13.513    1.2 
   1461.4   13.46    1.2 
   1462.6  13.445    1.0 
   1463.6  13.444    1.2 
   1464.8  13.383    1.2 
   1466.0   13.45    1.2 
   1467.2  13.469    1.2 
   1468.4  13.431    1.2 
   1469.6  13.475    1.2 
   1470.8  13.452    1.2 
   1472.0   13.42    1.2 
   1473.2   13.46    1.2 
   1474.4    13.5    1.0 
   1475.4  13.473    1.2 
   1476.6  13.401    1.2 
   1477.8   13.43    1.2 
   1479.0  13.422    1.2 
   1480.2  13.349    1.2 
   1481.4  13.375    1.2 
   1482.6  13.425    1.2 
   1483.8  13.378    1.2 
   1485.0  13.377    1.0 
   1486.0  13.374    1.2 
   1487.2  13.383    1.2 
   1488.4  13.408    1.2 
   1489.6  13.407    1.2 
   1490.8  13.367    1.2 
   1492.0  13.365    1.2 
   1493.2  13.456    1.2 
   1494.4   13.38    1.2 
   1495.6   13.36    1.2 
   1496.8  13.392    1.0 
   1497.8  13.411    1.2 
   1499.0  13.404    1.2 
   1500.2  13.405    1.2 
   1501.4  13.456    1.2 
   1502.6  13.477    1.2 
   1503.8  13.525    1.2 
   1505.0  13.487    1.2 
   1506.2  13.471    1.2 
   1507.4  13.488    1.2 
   1508.6  13.485    1.0 
   1509.6  13.487    1.2 
   1510.8  13.537    1.2 
   1512.0  13.546    1.2 
   1513.2  13.477    1.2 
   1514.4  13.479    1.2 
   1515.6  13.505    1.2 
   1516.8  13.471    1.2 
   1518.0   13.47    1.2 
   1519.2  13.451    1.2 
   1520.4  13.472    1.0 
   1521.4  13.461    1.2 
   1522.6  13.448    1.2 
   1523.8  13.436    1.2 
   1525.0  13.447    1.2 
   1526.2  13.486    1.2 
   1527.4  13.491    1.2 
   1528.6  13.482    1.2 
   1529.8   13.49    1.2 
   1531.0  13.556    1.2 
   1532.2  13.573    1.0 
   1533.2  13.573    1.2 
   1534.4  13.523    1.2 
   1535.6  13.529    1.2 
   1536.8  13.467    1.2 
   1538.0  13.459    1.2 
   1539.2  13.478    1.2 
   1540.4  13.496    1.2 
   1541.6  13.527    1.2 
   1542.8  13.502    1.2 
   1544.0   13.49    1.0 
   1545.0  13.539    1.2 
   1546.2  13.441    1.2 
   1547.4   13.44    1.2 
   1548.6  13.524    1.2 
   1549.8  13.581    1.2 
   1551.0  13.474    1.2 
   1552.2  13.472    1.2 
   1553.4  13.489    1.2 
   1554.6  13.549    1.2 
   1555.8  13.591    1.0 
   1556.8  13.548    1.2 
   1558.0  13.514    1.2 
   1559.2  13.578    1.2 
   1560.4  13.569    1.2 
   1561.6  13.512    1.2 
   1562.8  13.512    1.2 
   1564.0  13.525    1.2 
   1565.2  13.522    1.2 
   1566.4  13.456    1.2 
   1567.6  13.505    1.0 
   1568.6  13.558    1.2 
   1569.8  13.492    1.2 
   1571.0  13.518    1.2 
   1572.2  13.555    1.2 
   1573.4  13.472    1.2 
   1574.6  13.531    1.2 
   1575.8  13.523    1.2 
   1577.0  13.479    1.2 
   1578.2   13.54    1.2 
   1579.4  13.589    1.0 
   1580.4  13.546    1.2 
   1581.6  13.531    1.2 
   1582.8  13.563    1.2 
   1584.0  13.543    1.2 
   1585.2  13.562    1.2 
   1586.4  13.543    1.2 
   1587.6  13.549    1.2 
   1588.8  13.566    1.2 
   1590.0  13.544    1.2 
   1591.2  13.581    1.0 
   1592.2  13.567    1.2 
   1593.4   13.55    1.2 
   1594.6  13.571    1.2 
   1595.8  13.561    1.2 
   1597.0  13.571    1.2 
   1598.2  13.533    1.2 
   1599.4  13.517    1.2 
   1600.6  13.559    1.2 
   1601.8  13.572    1.2 
   1603.0  13.536    1.0 
   1604.0  13.507    1.2 
   1605.2  13.567    1.2 
   1606.4  13.576    1.2 
   1607.6  13.577    1.2 
   1608.8  13.625    1.2 
   1610.0  13.633    1.2 
   1611.2   13.59    1.2 
   1612.4   13.57    1.2 
   1613.6  13.549    1.2 
   1614.8  13.574    1.0 
   1615.8  13.634    1.2 
   1617.0  13.601    1.2 
   1618.2  13.648    1.2 
   1619.4  13.586    1.2 
   1620.6  13.611    1.2 
   1621.8  13.724    1.2 
   1623.0  13.686    1.2 
   1624.2  13.622    1.2 
   1625.4  13.653    1.2 
   1626.6  13.677    1.0 
   1627.6  13.616    1.2 
   1628.8  13.633    1.2 
   1630.0  13.632    1.2 
   1631.2  13.628    1.2 
   1632.4  13.615    1.2 
   1633.6   13.61    1.2 
   1634.8  13.676    1.2 
   1636.0  13.669    1.2 
   1637.2  13.647    1.2 
   1638.4  13.614    1.0 
   1639.4  13.676    1.2 
   1640.6  13.682    1.2 
   1641.8  13.684    1.2 
   1643.0  13.661    1.2 
   1644.2  13.666    1.2 
   1645.4  13.631    1.2 
   1646.6  13.594    1.2 
   1647.8  13.664    1.2 
   1649.0  13.586    1.0 
   1650.0  13.622    1.2 
   1651.2  13.624    1.2 
   1652.4  13.609    1.2 
   1653.6  13.649    1.2 
   1654.8  13.608    1.2 
   1656.0  13.601    1.2 
   1657.2  13.566    1.2 
   1658.4  13.546    1.2 
   1659.6  13.567    1.2 
   1660.8  13.597    1.0 
   1661.8  13.589    1.2 
   1663.0  13.601    1.2 
   1664.2  13.572    1.2 
   1665.4   13.58    1.2 
   1666.6  13.613    1.2 
   1667.8  13.628    1.2 
   1669.0  13.632    1.2 
   1670.2  13.663    1.2 
   1671.4  13.645    1.2 
   1672.6  13.638    1.0 
   1673.6  13.698    1.2 
   1674.8  13.692    1.2 
   1676.0  13.654    1.2 
   1677.2  13.674    1.2 
   1678.4  13.652    1.2 
   1679.6   13.65    1.2 
   1680.8  13.634    1.2 
   1682.0  13.668    1.2 
   1683.2  13.677    1.2 
   1684.4  13.675    1.0 
   1685.4  13.703    1.2 
   1686.6  13.733    1.2 
   1687.8  13.662    1.2 
   1689.0  13.622    1.2 
   1690.2  13.669    1.2 
   1691.4  13.707    1.2 
   1692.6  13.621    1.2 
   1693.8  13.673    1.2 
   1695.0  13.673    1.2 
   1696.2  13.612    1.0 
   1697.2  13.612    1.2 
   1698.4  13.648    1.2 
   1699.6  13.614    1.2 
   1700.8  13.605    1.2 
   1702.0  13.621    1.2 
   1703.2  13.648    1.2 
   1704.4   13.65    1.2 
   1705.6  13.656    1.2 
   1706.8  13.664    1.2 
   1708.0  13.693    1.0 
   1709.0  13.688    1.2 
   1710.2  13.653    1.2 
   1711.4  13.631    1.2 
   1712.6  13.663    1.2 
   1713.8   13.72    1.2 
   1715.0  13.702    1.2 
   1716.2  13.661    1.2 
   1717.4  13.655    1.2 
   1718.6  13.582    1.2 
   1719.8  13.608    1.0 
   1720.8  13.647    1.2 
   1722.0  13.662    1.2 
   1723.2  13.695    1.2 
   1724.4  13.711    1.2 
   1725.6  13.687    1.2 
   1726.8  13.657    1.2 
   1728.0  13.615    1.2 
   1729.2  13.631    1.2 
   1730.4  13.636    1.2 
   1731.6  13.646    1.0 
   1732.6  13.653    1.2 
   1733.8  13.628    1.2 
   1735.0  13.617    1.2 
   1736.2  13.597    1.2 
   1737.4  13.627    1.2 
   1738.6  13.661    1.2 
   1739.8  13.636    1.2 
   1741.0  13.613    1.2 
   1742.2  13.634    1.2 
   1743.4  13.643    1.0 
   1744.4  13.637    1.2 
   1745.6   13.67    1.2 
   1746.8  13.652    1.2 
   1748.0  13.662    1.2 
   1749.2  13.675    1.2 
   1750.4  13.645    1.2 
   1751.6  13.634    1.2 
   1752.8  13.608    1.2 
   1754.0  13.607    1.2 
   1755.2  13.623    1.0 
   1756.2  13.627    1.2 
   1757.4  13.617    1.2 
   1758.6  13.578    1.2 
   1759.8   13.62    1.2 
   1761.0   13.65    1.2 
   1762.2  13.675    1.2 
   1763.4  13.612    1.2 
   1764.6  13.598    1.2 
   1765.8  13.632    1.2 
   1767.0    13.6    1.0 
   1768.0  13.584    1.2 
   1769.2  13.633    1.2 
   1770.4  13.649    1.2 
   1771.6  13.663    1.2 
   1772.8  13.657    1.2 
   1774.0  13.619    1.2 
   1775.2  13.623    1.2 
   1776.4  13.657    1.2 
   1777.6   13.69    1.2 
   1778.8  13.669    1.0 
   1779.8  13.657    1.2 
   1781.0  13.674    1.2 
   1782.2  13.684    1.2 
   1783.4  13.677    1.2 
   1784.6   13.66    1.2 
   1785.8  13.661    1.2 
   1787.0  13.664    1.2 
   1788.2  13.662    1.2 
   1789.4  13.688    1.2 
   1790.6  13.682    1.0 
   1791.6  13.683    1.2 
   1792.8   13.67    1.2 
   1794.0  13.671    1.2 
   1795.2  13.672    1.2 
   1796.4  13.711    1.2 
   1797.6  13.726    1.2 
   1798.8  13.745    1.2 
   1800.0  13.705    1.2 
   1801.2  13.666    1.2 
   1802.4  13.659    1.0 
   1803.4  13.676    1.2 
   1804.6  13.689    1.2 
   1805.8  13.687    1.2 
   1807.0  13.691    1.2 
   1808.2  13.672    1.2 
   1809.4  13.682    1.2 
   1810.6   13.67    1.2 
   1811.8    13.7    1.2 
   1813.0  13.679    1.0 
   1814.0  13.665    1.2 
   1815.2  13.654    1.2 
   1816.4  13.658    1.2 
   1817.6  13.644    1.2 
   1818.8  13.648    1.2 
   1820.0  13.631    1.2 
   1821.2  13.646    1.2 
   1822.4  13.666    1.2 
   1823.6  13.688    1.2 
   1824.8  13.674    1.0 
   1825.8  13.671    1.2 
   1827.0  13.673    1.2 
   1828.2  13.683    1.2 
   1829.4  13.689    1.2 
   1830.6    13.7    1.2 
   1831.8  13.705    1.2 
   1833.0  13.687    1.2 
   1834.2  13.694    1.2 
   1835.4  13.706    1.2 
   1836.6  13.714    1.0 
   1837.6  13.703    1.2 
   1838.8  13.693    1.2 
   1840.0  13.688    1.2 
   1841.2  13.724    1.2 
   1842.4    13.7    1.2 
   1843.6  13.684    1.2 
   1844.8  13.706    1.2 
   1846.0  13.693    1.2 
   1847.2  13.672    1.2 
   1848.4  13.698    1.0 
   1849.4  13.725    1.2 
   1850.6  13.728    1.2 
   1851.8  13.726    1.2 
   1853.0   13.74    1.2 
   1854.2  13.737    1.2 
   1855.4  13.728    1.2 
   1856.6  13.738    1.2 
   1857.8  13.741    1.2 
   1859.0   13.75    1.2 
   1860.2  13.738    1.0 
   1861.2  13.732    1.2 
   1862.4  13.713    1.2 
   1863.6  13.705    1.2 
   1864.8  13.694    1.2 
   1866.0  13.707    1.2 
   1867.2  13.718    1.2 
   1868.4  13.734    1.2 
   1869.6  13.714    1.2 
   1870.8  13.681    1.2 
   1872.0  13.668    1.0 
   1873.0  13.706    1.2 
   1874.2  13.739    1.2 
   1875.4  13.725    1.2 
   1876.6  13.734    1.2 
   1877.8  13.747    1.2 
   1879.0  13.746    1.2 
   1880.2  13.742    1.2 
   1881.4  13.712    1.2 
   1882.6  13.739    1.2 
   1883.8  13.713    1.0 
   1884.8  13.729    1.2 
   1886.0  13.747    1.2 
   1887.2  13.774    1.2 
   1888.4  13.748    1.2 
   1889.6  13.748    1.2 
   1890.8  13.754    1.2 
   1892.0  13.755    1.2 
   1893.2  13.729    1.2 
   1894.4   13.75    1.2 
   1895.6  13.746    1.0 
   1896.6  13.766    1.2 
   1897.8   13.79    1.2 
   1899.0  13.782    1.2 
   1900.2  13.772    1.2 
   1901.4  13.794    1.2 
   1902.6  13.789    1.2 
   1903.8  13.788    1.2 
   1905.0  13.785    1.2 
   1906.2  13.791    1.2 
   1907.4   13.78    1.0 
   1908.4  13.763    1.2 
   1909.6  13.752    1.2 
   1910.8  13.749    1.2 
   1912.0   13.75    1.2 
   1913.2  13.772    1.2 
   1914.4  13.781    1.2 
   1915.6  13.794    1.2 
   1916.8   13.78    1.2 
   1918.0  13.778    1.2 
   1919.2  13.774    1.0 
   1920.2  13.778    1.2 
   1921.4  13.776    1.2 
   1922.6  13.746    1.2 
   1923.8  13.745    1.2 
   1925.0  13.746    1.2 
   1926.2  13.768    1.2 
   1927.4  13.772    1.2 
   1928.6  13.728    1.2 
   1929.8  13.718    1.2 
   1931.0  13.717    1.0 
   1932.0  13.757    1.2 
   1933.2  13.806    1.2 
   1934.4  13.791    1.2 
   1935.6  13.786    1.2 
   1936.8    13.8    1.2 
   1938.0  13.795    1.2 
   1939.2   13.81    1.2 
   1940.4  13.797    1.2 
   1941.6  13.782    1.2 
   1942.8   13.77    1.0 
   1943.8  13.783    1.2 
   1945.0  13.793    1.2 
   1946.2    13.8    1.2 
   1947.4  13.773    1.2 
   1948.6   13.74    1.2 
   1949.8  13.753    1.2 
   1951.0  13.775    1.2 
   1952.2  13.772    1.2 
   1953.4  13.758    1.2 
   1954.6  13.728    1.0 
   1955.6  13.724    1.2 
   1956.8  13.742    1.2 
   1958.0  13.796    1.2 
   1959.2  13.769    1.2 
   1960.4  13.767    1.2 
   1961.6  13.776    1.2 
   1962.8  13.744    1.2 
   1964.0  13.734    1.2 
   1965.2  13.756    1.0 
   1966.2  13.774    1.2 
   1967.4  13.785    1.2 
   1968.6  13.746    1.2 
   1969.8  13.727    0.4 
   1970.2  13.716    1.8 
   1972.0  13.721    1.8 
   1973.8  13.764    2.0 
   1975.8  13.721    1.8 
   1977.6   13.87    1.8 
   1979.4   13.72    2.0 
   1981.4  13.508    1.8 
   1983.2  13.722    1.8 
   1985.0  13.944    2.0 
   1987.0  13.781    1.8 
   1988.8  13.765    1.8 
   1990.6  13.846    2.0 
   1992.6  13.919    1.8 
   1994.4   13.75    1.8 
   1996.2  13.867    2.0 
   1998.2   13.91    1.8 
   2000.0  13.861    1.8 
   2001.8  13.778    2.0 
   2003.8  13.942    1.8 
   2005.6  14.001    1.8 
   2007.4  13.947    2.0 
   2009.4  13.988    1.8 
   2011.2  13.747    2.0 
   2013.2  13.563    1.8 
   2015.0  13.661    1.8 
   2016.8  13.715    2.0 
   2018.8  13.956    1.8 
   2020.6  13.801    1.8 
   2022.4  13.617    2.0 
   2024.4  13.782    1.8 
   2026.2  13.771    1.8 
   2028.0  13.947    2.0 
   2030.0  13.736    1.8 
   2031.8  13.686    1.8 
   2033.6  13.669    2.0 
   2035.6  13.715    1.8 
   2037.4  13.987    1.8 
   2039.2   13.92    2.0 
   2041.2  13.537    1.8 
   2043.0  13.565    1.8 
   2044.8  13.652    2.0 
   2046.8  13.612    1.8 
   2048.6  13.551    1.8 
   2050.4  13.839    2.0 
   2052.4  13.847    1.8 
   2054.2  13.752    1.8 
   2056.0  13.507    2.0 
   2058.0  13.531    1.8 
   2059.8  13.705    2.0 
   2061.8  13.916    1.8 
   2063.6  13.806    1.8 
   2065.4  13.711    2.0 
   2067.4  13.729    1.8 
   2069.2  13.842    1.8 
   2071.0  13.802    2.0 
   2073.0   13.78    1.8 
   2074.8  13.709    1.8 
   2076.6  13.535    2.0 
   2078.6  13.538    1.8 
   2080.4  13.793    1.8 
   2082.2  13.831    2.0 
   2084.2  13.586    1.8 
   2086.0    13.7    1.8 
   2087.8  13.811    2.0 
   2089.8  13.791    1.8 
   2091.6  13.732    1.8 
   2093.4  13.819    2.0 
   2095.4  13.782    1.8 
   2097.2  13.735    1.8 
   2099.0  13.848    2.0 
   2101.0  13.887    1.8 
   2102.8  13.806    2.0 
   2104.8   13.77    1.8 
   2106.6  13.744    1.8 
   2108.4  13.521    2.0 
   2110.4  13.514    1.8 
   2112.2  13.778    1.8 
   2114.0  13.816    2.0 
   2116.0  13.822    1.8 
   2117.8  13.915    1.8 
   2119.6  13.602    2.0 
   2121.6  13.638    1.8 
   2123.4  13.888    1.8 
   2125.2  13.859    2.0 
   2127.2  13.579    1.8 
   2129.0    13.7    1.8 
   2130.8  13.965    2.0 
   2132.8  14.078    1.8 
   2134.6  13.773    1.8 
   2136.4  13.587    2.0 
   2138.4  13.771    1.8 
   2140.2  13.928    1.8 
   2142.0  13.838    2.0 
   2144.0  13.855    1.8 
   2145.8  13.831    1.8 
   2147.6  13.758    2.0 
   2149.6  13.791    1.8 
   2151.4  13.795    2.0 
   2153.4  13.824    1.8 
   2155.2  13.905    1.8 
   2157.0  13.868    2.0 
   2159.0  13.849    1.8 
   2160.8  13.871    1.8 
   2162.6  13.788    2.0 
   2164.6  13.789    1.8 
   2166.4  13.886    1.8 
   2168.2  13.694    2.0 
   2170.2  13.764    1.8 
   2172.0  13.895    1.8 
   2173.8  13.807    2.0 
   2175.8  13.656    1.8 
   2177.6   13.74    1.8 
   2179.4  13.881    2.0 
   2181.4  13.979    1.8 
   2183.2  13.848    1.8 
   2185.0  13.694    2.0 
   2187.0  13.688    1.8 
   2188.8  13.946    1.8 
   2190.6  14.196    2.0 
   2192.6   13.92    1.8 
   2194.4  13.923    1.8 
   2196.2  13.885    2.0 
   2198.2  13.702    1.8 
   2200.0   13.86    2.0 
   2202.0  13.785    1.8 
   2203.8  13.761    1.8 
   2205.6  13.805    2.0 
   2207.6  13.739    1.8 
   2209.4  13.809    1.8 
   2211.2    14.1    2.0 
   2213.2  13.981    1.8 
   2215.0  13.682    1.8 
   2216.8  13.679    2.0 
   2218.8  13.901    1.8 
   2220.6  13.915    1.8 
   2222.4  13.797    2.0 
   2224.4    13.7    1.8 
   2226.2  13.782    1.8 
   2228.0  13.912    2.0 
   2230.0   13.78    1.8 
   2231.8  13.731    1.8 
   2233.6  13.769    2.0 
   2235.6  13.858    1.8 
   2237.4  13.865    1.8 
   2239.2  13.808    2.0 
   2241.2    13.9    1.8 
   2243.0  13.859    2.0 
   2245.0  13.776    1.8 
   2246.8  13.633    1.8 
   2248.6  13.724    2.0 
   2250.6  13.946    1.8 
   2252.4  13.789    1.8 
   2254.2  13.629    2.0 
   2256.2   13.72    1.8 
   2258.0  13.782    1.8 
   2259.8  13.895    2.0 
   2261.8  13.826    1.8 
   2263.6  13.763    1.8 
   2265.4  13.654    2.0 
   2267.4   13.67    1.8 
   2269.2  13.861    1.8 
   2271.0  13.965    2.0 
   2273.0  13.881    1.8 
   2274.8  13.712    1.8 
   2276.6  13.796    2.0 
   2278.6  13.936    1.8 
   2280.4  13.812    1.8 
   2282.2  13.901    2.0 
   2284.2  13.856    1.8 
   2286.0  13.819    1.8 
   2287.8  13.827    2.0 
   2289.8  13.894    1.8 
   2291.6  13.989    2.0 
   2293.6  13.801    1.8 
   2295.4  13.692    1.8 
   2297.2  13.784    2.0 
   2299.2  13.916    1.8 
   2301.0  13.893    1.8 
   2302.8  13.746    2.0 
   2304.8  13.789    1.8 
   2306.6  13.862    1.8 
   2308.4   13.79    2.0 
   2310.4  13.826    1.8 
   2312.2  13.781    1.8 
   2314.0  13.785    2.0 
   2316.0  13.726    1.8 
   2317.8  13.742    1.8 
   2319.6  13.766    2.0 
   2321.6  13.799    1.8 
   2323.4  13.826    1.8 
   2325.2  13.817    2.0 
   2327.2  13.776    1.8 
   2329.0   13.78    1.8 
   2330.8  13.871    2.0 
   2332.8  13.736    1.8 
   2334.6  13.705    1.8 
   2336.4  13.678    2.0 
   2338.4  13.682    1.8 
   2340.2  13.765    2.0 
   2342.2  13.824    1.8 
   2344.0  13.876    1.8 
   2345.8    13.9    2.0 
   2347.8  13.834    1.8 
   2349.6  13.703    1.8 
   2351.4  13.723    2.0 
   2353.4  13.863    1.8 
   2355.2  13.889    1.8 
   2357.0  13.744    2.0 
   2359.0  13.739    1.8 
   2360.8  13.829    1.8 
   2362.6  14.017    2.0 
   2364.6  13.787    1.8 
   2366.4  13.687    1.8 
   2368.2  13.808    2.0 
   2370.2  13.858    1.8 
   2372.0  13.858    1.8 
   2373.8  13.782    2.0 
   2375.8  13.717    1.8 
   2377.6   13.87    1.8 
   2379.4  13.861    2.0 
   2381.4  13.726    1.8 
   2383.2  13.752    2.0 
   2385.2   13.89    1.8 
   2387.0  13.788    1.8 
   2388.8  13.716    2.0 
   2390.8  13.794    1.8 
   2392.6  13.724    1.8 
   2394.4  13.794    2.0 
   2396.4  13.847    1.8 
   2398.2  13.922    1.8 
   2400.0  13.896    2.0 
   2402.0  13.768    1.8 
   2403.8  13.797    1.8 
   2405.6  13.822    2.0 
   2407.6  13.814    1.8 
   2409.4  13.779    1.8 
   2411.2  13.771    2.0 
   2413.2  13.823    1.8 
   2415.0   13.94    1.8 
   2416.8    13.9    2.0 
   2418.8  13.755    1.8 
   2420.6  13.737    1.8 
   2422.4  13.901    2.0 
   2424.4  13.999    1.8 
   2426.2  13.893    1.8 
   2428.0  13.824    2.0 
   2430.0  13.862    1.8 
   2431.8  13.861    2.0 
   2433.8  13.859    1.8 
   2435.6  13.888    1.8 
   2437.4  13.845    2.0 
   2439.4  13.786    1.8 
   2441.2  13.836    1.8 
   2443.0  13.866    2.0 
   2445.0  13.817    1.8 
   2446.8  13.851    1.8 
   2448.6  13.915    2.0 
   2450.6  13.785    1.8 
   2452.4  13.663    1.8 
   2454.2  13.722    2.0 
   2456.2  13.899    1.8 
   2458.0  13.863    1.8 
   2459.8  13.806    2.0 
   2461.8  13.874    1.8 
   2463.6  13.891    1.8 
   2465.4  13.903    2.0 
   2467.4  13.822    1.8 
   2469.2  13.815    1.8 
   2471.0  13.824    2.0 
   2473.0  13.869    1.8 
   2474.8  13.807    1.8 
   2476.6  13.791    2.0 
   2478.6  13.753    1.8 
   2480.4  13.822    2.0 
   2482.4  13.883    1.8 
   2484.2  13.852    1.8 
   2486.0  13.807    2.0 
   2488.0  13.805    1.8 
   2489.8   13.84    1.8 
   2491.6  13.882    2.0 
   2493.6  13.947    1.8 
   2495.4  13.915    1.8 
   2497.2   13.88    2.0 
   2499.2  13.835    1.8 
   2501.0  13.748    1.8 
   2502.8  13.763    2.0 
   2504.8  13.779    1.8 
   2506.6  13.785    1.8 
   2508.4  13.759    2.0 
   2510.4  13.751    1.8 
   2512.2  13.776    1.8 
   2514.0  13.782    2.0 
   2516.0  13.778    1.8 
   2517.8  13.771    1.8 
   2519.6  13.814    2.0 
   2521.6  13.902    1.8 
   2523.4  13.891    2.0 
   2525.4  13.825    1.8 
   2527.2  13.818    1.8 
   2529.0   13.92    2.0 
   2531.0  13.912    1.8 
   2532.8  13.786    1.8 
   2534.6  13.812    2.0 
   2536.6  13.906    1.8 
   2538.4  13.917    1.8 
   2540.2  13.867    2.0 
   2542.2  13.789    1.8 
   2544.0  13.835    1.8 
   2545.8  13.862    2.0 
   2547.8  13.808    1.8 
   2549.6  13.763    1.8 
   2551.4  13.801    2.0 
   2553.4    13.9    1.8 
   2555.2  13.932    1.8 
   2557.0  13.859    2.0 
   2559.0  13.885    1.8 
   2560.8  13.853    1.8 
   2562.6  13.787    2.0 
   2564.6  13.877    1.8 
   2566.4  13.927    1.8 
   2568.2   13.94    2.0 
   2570.2  13.945    1.8 
   2572.0  13.907    2.0 
   2574.0  13.863    1.8 
   2575.8  13.869    1.8 
   2577.6  13.858    2.0 
   2579.6  13.848    1.8 
   2581.4  13.821    1.8 
   2583.2  13.788    2.0 
   2585.2  13.839    1.8 
   2587.0  13.935    1.8 
   2588.8  13.868    2.0 
   2590.8  13.825    1.8 
   2592.6  13.862    1.8 
   2594.4  13.831    2.0 
   2596.4  13.787    1.8 
   2598.2  13.815    1.8 
   2600.0  13.898    2.0 
   2602.0  13.922    1.8 
   2603.8  13.897    1.8 
   2605.6  13.856    2.0 
   2607.6  13.916    1.8 
   2609.4  13.961    1.8 
   2611.2  13.918    2.0 
   2613.2  13.848    1.8 
   2615.0  13.867    1.8 
   2616.8  13.931    2.0 
   2618.8  13.983    1.8 
   2620.6  13.927    2.0 
   2622.6  13.854    1.8 
   2624.4  13.823    1.8 
   2626.2   13.83    2.0 
   2628.2  13.826    1.8 
   2630.0  13.838    1.8 
   2631.8  13.886    2.0 
   2633.8  13.934    1.8 
   2635.6  13.889    1.8 
   2637.4  13.846    2.0 
   2639.4  13.919    1.8 
   2641.2  13.971    1.8 
   2643.0  13.888    2.0 
   2645.0  13.888    1.8 
   2646.8  14.008    1.8 
   2648.6  14.008    2.0 
   2650.6  13.901    1.8 
   2652.4  13.845    1.8 
   2654.2  13.881    2.0 
   2656.2  13.885    1.8 
   2658.0  13.825    1.8 
   2659.8  13.839    2.0 
   2661.8  13.875    1.8 
   2663.6  13.838    2.0 
   2665.6  13.872    1.8 
   2667.4  13.946    1.8 
   2669.2  13.921    2.0 
   2671.2  13.863    1.8 
   2673.0  13.869    1.8 
   2674.8  13.936    2.0 
   2676.8  13.929    1.8 
   2678.6  13.874    1.8 
   2680.4  13.862    2.0 
   2682.4  13.899    1.8 
   2684.2  13.924    1.8 
   2686.0  13.896    2.0 
   2688.0  13.937    1.8 
   2689.8   13.98    1.8 
   2691.6  13.991    2.0 
   2693.6  13.956    1.8 
   2695.4  13.947    1.8 
   2697.2  13.949    2.0 
   2699.2  13.919    1.8 
   2701.0  13.908    1.8 
   2702.8  13.896    2.0 
   2704.8   13.92    1.8 
   2706.6  13.938    1.8 
   2708.4  13.891    2.0 
   2710.4  13.875    1.8 
   2712.2  13.852    2.0 
   2714.2  13.856    1.8 
   2716.0  13.886    1.8 
   2717.8  13.893    2.0 
   2719.8  13.877    1.8 
   2721.6  13.875    1.8 
   2723.4    13.9    2.0 
   2725.4  13.942    1.8 
   2727.2  13.956    1.8 
   2729.0  13.944    2.0 
   2731.0  13.936    1.8 
   2732.8  13.941    1.8 
   2734.6  13.925    2.0 
   2736.6  13.909    1.8 
   2738.4  13.913    1.8 
   2740.2  13.925    2.0 
   2742.2  13.931    1.8 
   2744.0  13.919    1.8 
   2745.8   13.89    2.0 
   2747.8  13.877    1.8 
   2749.6  13.866    1.8 
   2751.4  13.889    2.0 
   2753.4  13.921    1.8 
   2755.2  13.939    1.8 
   2757.0  13.926    2.0 
   2759.0  13.931    1.8 
   2760.8  13.951    2.0 
   2762.8  13.966    1.8 
   2764.6  13.959    1.8 
   2766.4   13.93    2.0 
   2768.4  13.975    1.8 
   2770.2  13.987    1.8 
   2772.0  13.916    2.0 
   2774.0  13.897    1.8 
   2775.8  13.918    1.8 
   2777.6  13.937    2.0 
   2779.6  13.968    1.8 
   2781.4  13.948    1.8 
   2783.2  13.937    2.0 
   2785.2  13.971    1.8 
   2787.0  14.011    1.8 
   2788.8  14.055    2.0 
   2790.8  14.032    1.8 
   2792.6  13.934    1.8 
   2794.4  13.883    2.0 
   2796.4   13.95    1.8 
   2798.2  13.971    1.8 
   2800.0  13.942    2.0 
   2802.0  13.989    1.8 
   2803.8   14.03    2.0 
   2805.8  13.959    1.8 
   2807.6  13.916    1.8 
   2809.4   13.91    2.0 
   2811.4  13.933    1.8 
   2813.2  13.965    1.8 
   2815.0   13.94    2.0 
   2817.0  13.902    1.8 
   2818.8  13.915    1.8 
   2820.6  13.922    2.0 
   2822.6  13.899    1.8 
   2824.4  13.931    1.8 
   2826.2  13.968    2.0 
   2828.2  13.951    1.8 
   2830.0   13.94    1.8 
   2831.8  13.905    2.0 
   2833.8  13.869    1.8 
   2835.6   13.89    1.8 
   2837.4  13.913    2.0 
   2839.4  13.917    1.8 
   2841.2  13.916    1.8 
   2843.0   13.94    2.0 
   2845.0  13.958    1.8 
   2846.8  13.938    1.8 
   2848.6  13.936    2.0 
   2850.6  13.936    1.8 
   2852.4  13.953    2.0 
   2854.4  13.948    1.8 
   2856.2  13.941    1.8 
   2858.0  13.933    2.0 
   2860.0  13.941    1.8 
   2861.8  13.988    1.8 
   2863.6  14.016    2.0 
   2865.6  13.995    1.8 
   2867.4  13.988    1.8 
   2869.2  13.974    2.0 
   2871.2  13.945    1.8 
   2873.0  13.948    1.8 
   2874.8  13.922    2.0 
   2876.8   13.94    1.8 
   2878.6  14.008    1.8 
   2880.4  14.002    2.0 
   2882.4   13.98    1.8 
   2884.2  14.006    1.8 
   2886.0  13.962    2.0 
   2888.0  13.899    1.8 
   2889.8    13.9    1.8 
   2891.6  13.927    2.0 
   2893.6   13.97    1.8 
   2895.4  13.975    1.8 
   2897.2  13.935    2.0 
   2899.2  13.931    1.8 
   2901.0  13.946    2.0 
   2903.0   13.94    1.8 
   2904.8  13.958    1.8 
   2906.6  13.988    2.0 
   2908.6  13.977    1.8 
   2910.4  13.957    1.8 
   2912.2  13.961    2.0 
   2914.2  13.976    1.8 
   2916.0  14.012    1.8 
   2917.8  14.003    2.0 
   2919.8  13.941    1.8 
   2921.6   13.91    1.8 
   2923.4  13.933    2.0 
   2925.4  13.941    1.8 
   2927.2  13.925    1.8 
   2929.0  13.941    2.0 
   2931.0  13.963    1.8 
   2932.8  13.977    1.8 
   2934.6  14.001    2.0 
   2936.6   14.02    1.8 
   2938.4   14.05    1.8 
   2940.2  14.077    2.0 
   2942.2  14.075    1.8 
   2944.0  14.056    2.0 
   2946.0   14.01    1.8 
   2947.8  13.943    1.8 
   2949.6  13.921    2.0 
   2951.6  13.973    1.8 
   2953.4  14.017    1.8 
   2955.2  13.976    2.0 
   2957.2  13.943    1.8 
   2959.0  13.959    1.8 
   2960.8  13.972    2.0 
   2962.8  14.004    1.8 
   2964.6  14.034    1.8 
   2966.4  14.028    2.0 
   2968.4  14.004    1.8 
   2970.2  13.998    1.8 
   2972.0  14.011    2.0 
   2974.0   13.99    1.8 
   2975.8  13.955    1.8 
   2977.6  13.931    2.0 
   2979.6  13.911    1.8 
   2981.4  13.915    1.8 
   2983.2  13.934    2.0 
   2985.2   13.97    1.8 
   2987.0  13.957    1.8 
   2988.8  13.933    2.0 
   2990.8  13.954    1.8 
   2992.6  13.989    2.0 
   2994.6  13.991    1.8 
   2996.4  13.961    1.8 
   2998.2  13.956    2.0 
   3000.2  13.947    1.8 
   3002.0  13.946    1.8 
   3003.8   13.94    2.0 
   3005.8  13.945    1.8 
   3007.6  13.984    1.8 
   3009.4  13.983    2.0 
   3011.4  14.003    1.8 
   3013.2  14.061    1.8 
   3015.0  14.053    2.0 
   3017.0  14.022    1.8 
   3018.8  13.994    1.8 
   3020.6  13.968    2.0 
   3022.6  14.012    1.8 
   3024.4  14.047    1.8 
   3026.2  14.022    2.0 
   3028.2  13.996    1.8 
   3030.0  13.968    1.8 
   3031.8  13.991    2.0 
   3033.8  14.044    1.8 
   3035.6  14.049    1.8 
   3037.4  13.999    2.0 
   3039.4  13.993    1.8 
   3041.2    14.0    2.0 
   3043.2  14.002    1.8 
   3045.0  13.993    1.8 
   3046.8   13.99    2.0 
   3048.8  13.981    1.8 
   3050.6  14.012    1.8 
   3052.4  14.031    2.0 
   3054.4  14.017    1.8 
   3056.2  14.004    1.8 
   3058.0   13.99    2.0 
   3060.0  14.015    1.8 
   3061.8  14.048    1.8 
   3063.6  14.038    2.0 
   3065.6  13.973    1.8 
   3067.4  13.903    1.8 
   3069.2  13.937    2.0 
   3071.2  13.999    1.8 
   3073.0   14.04    1.8 
   3074.8  14.055    2.0 
   3076.8  14.038    1.8 
   3078.6  14.028    1.8 
   3080.4  14.038    2.0 
   3082.4  14.017    1.8 
   3084.2  14.019    2.0 
   3086.2   14.08    1.8 
   3088.0  14.053    1.8 
   3089.8  13.981    2.0 
   3091.8  13.961    1.8 
   3093.6  13.961    1.8 
   3095.4  13.978    2.0 
   3097.4  13.999    1.8 
   3099.2  13.978    1.8 
   3101.0  13.961    2.0 
   3103.0  13.957    1.8 
   3104.8  13.948    1.8 
   3106.6  13.951    2.0 
   3108.6  13.956    1.8 
   3110.4  13.977    1.8 
   3112.2  14.016    2.0 
   3114.2  14.057    1.8 
   3116.0  14.071    1.8 
   3117.8   14.06    2.0 
   3119.8  14.061    1.8 
   3121.6  14.063    1.8 
   3123.4  14.038    2.0 
   3125.4  14.016    1.8 
   3127.2  14.015    1.8 
   3129.0   14.03    2.0 
   3131.0  14.052    1.8 
   3132.8  14.038    2.0 
   3134.8  14.003    1.8 
   3136.6  13.952    1.8 
   3138.4  13.911    2.0 
   3140.4  13.931    1.8 
   3142.2   14.01    1.8 
   3144.0  14.082    2.0 
   3146.0  14.105    1.8 
   3147.8  14.058    1.8 
   3149.6    14.0   2.68 
  3152.28  14.082   5.26 
  3157.54  14.084   5.27 
  3162.81  14.085   5.28 
  3168.09  14.087   5.29 
  3173.38  14.088    5.3 
  3178.68   14.09   5.31 
  3183.99  14.091   5.31 
   3189.3  14.093   5.32 
  3194.62  14.094   5.34 
  3199.96  14.096   5.34 
   3205.3  14.097   5.35 
  3210.65  14.099   5.36 
  3216.01    14.1   5.37 
  3221.38  14.102   5.37 
  3226.75  14.103   5.39 
  3232.14  14.105   5.39 
  3237.53  14.106   5.41 
  3242.94  14.108   5.41 
  3248.35  14.109   5.42 
  3253.77  14.111   5.43 
   3259.2  14.113   5.44 
  3264.64  14.114   5.45 
  3270.09  14.116   5.46 
  3275.55  14.117   5.47 
  3281.02  14.119   5.48 
   3286.5   14.12   5.48 
  3291.98  14.122    5.5 
  3297.48  14.123    5.5 
  3302.98  14.125   5.52 
   3308.5  14.126   5.52 
  3314.02  14.128   5.53 
  3319.55  14.129   5.54 
  3325.09  14.131   5.55 
  3330.64  14.132   5.56 
   3336.2  14.134   5.57 
  3341.77  14.135   5.58 
  3347.35  14.137   5.58 
  3352.93  14.138    5.6 
  3358.53   14.14   5.61 
  3364.14  14.141   5.61 
  3369.75  14.143   5.63 
  3375.38  14.144   5.63 
  3381.01  14.146   5.65 
  3386.66  14.147   5.65 
  3392.31  14.149   5.66 
  3397.97  14.151   5.67 
  3403.64  14.152   5.68 
  3409.32  14.154   5.69 
  3415.01  14.155   5.71 
  3420.72  14.157   5.71 
  3426.43  14.158   5.72 
  3432.15   14.16   5.72 
  3437.87  14.162   5.74 
  3443.61  14.163   5.75 
  3449.36  14.165   5.76 
  3455.12  14.166   5.77 
  3460.89  14.168   5.77 
  3466.66   14.17   5.79 
  3472.45  14.171    5.8 
  3478.25  14.173    5.8 
  3484.05  14.174   5.82 
  3489.87  14.176   5.82 
  3495.69  14.177   5.84 
  3501.53  14.179   5.84 
  3507.37   14.18   5.86 
  3513.23  14.182   5.86 
  3519.09  14.184   5.88 
  3524.97  14.185   5.88 
  3530.85  14.187   5.89 
  3536.74  14.188   5.91 
  3542.65   14.19   5.91 
  3548.56  14.191   5.92 
  3554.48  14.193   5.94 
  3560.42  14.195   5.94 
  3566.36  14.196   5.95 
  3572.31  14.198   5.96 
  3578.27    14.2   5.98 
  3584.25  14.201   5.98 
  3590.23  14.203   5.99 
  3596.22  14.204   6.01 
  3602.23  14.206   6.01 
  3608.24  14.208   6.02 
  3614.26  14.209   6.03 
  3620.29  14.211   6.05 
  3626.34  14.213   6.05 
  3632.39  14.214   6.07 
  3638.46  14.216   6.07 
  3644.53  14.218   6.08 
  3650.61  14.223    6.1 
  3656.71  14.231    6.1 
  3662.81   14.24   6.11 
  3668.92  14.248   6.13 
  3675.05  14.256   6.13 
  3681.18  14.265   6.15 
  3687.33  14.273   6.15 
  3693.48  14.282   6.17 
  3699.65  14.291   6.17 
  3705.82    14.3   6.19 
  3712.01  14.309   6.19 
   3718.2  14.318   6.21 
  3724.41  14.327   6.22 
  3730.63  14.336   6.22 
  3736.85  14.345   6.24 
  3743.09  14.355   6.25 
  3749.34  14.354   6.26 
   3755.6  14.365   6.27 
  3761.87   14.37   6.28 
  3768.15  14.376   6.29 
  3774.44  14.373    6.3 
  3780.74  14.372   6.31 
  3787.05  14.377   6.32 
  3793.37  14.397   6.33 
   3799.7  14.362   6.34 
  3806.04  14.383   6.36 
   3812.4  14.356   6.36 
  3818.76  14.352   6.38 
  3825.14  14.381   6.38 
  3831.52  14.428    6.4 
  3837.92  14.399    6.4 
  3844.32  14.398   6.42 
  3850.74  14.339   6.43 
  3857.17  14.299   6.43 
   3863.6  14.291   6.45 
  3870.05   14.32   6.46 
  3876.51  14.383   6.47 
  3882.98  14.468   6.49 
  3889.47  14.474   6.49 
  3895.96  14.484    6.5 
  3902.46  14.394   6.52 
  3908.98  14.309   6.52 
   3915.5  14.243   6.54 
  3922.04  14.197   6.54 
  3928.58  14.178   6.56 
  3935.14  14.183   6.57 
  3941.71  14.219   6.58 
  3948.29   14.28   6.59 
  3954.88  14.366    6.6 
  3961.48  14.466   6.61 
  3968.09  14.553   6.63 
  3974.72  14.543   6.63 
  3981.35  14.462   6.65 
   3988.0  14.363   6.65 
  3994.65  14.277   6.67 
  4001.32  14.206   6.68 
   4008.0  14.151   6.69 
  4014.69  14.109    6.7 
  4021.39   14.08   6.71 
   4028.1  14.062   6.73 
  4034.83  14.055   6.73 
  4041.56  14.059   6.75 
  4048.31  14.072   6.76 
  4055.07  14.097   6.77 
  4061.84  14.135   6.78 
  4068.62  14.186   6.79 
  4075.41  14.254    6.8 
  4082.21  14.339   6.81 
  4089.02  14.439   6.83 
  4095.85  14.548   6.84 
  4102.69  14.686   6.85 
  4109.54  14.564   6.86 
   4116.4   14.45   6.87 
  4123.27  14.353   6.88 
  4130.15  14.272   6.89 
  4137.04  14.201   6.91 
  4143.95   14.15   6.92 
  4150.87  14.109   6.92 
  4157.79  14.077   6.94 
  4164.73  14.055   6.96 
  4171.69  14.037   6.96 
  4178.65  14.025   6.97 
  4185.62  14.017   6.99 
  4192.61  14.011    7.0 
  4199.61  14.008   7.01 
  4206.62  14.005   7.02 
  4213.64  14.006   7.03 
  4220.67  14.007   7.05 
  4227.72   14.01   7.06 
  4234.78  14.014   7.07 
  4241.85  14.019   7.08 
  4248.93  14.027   7.09 
  4256.02  14.037    7.1 
  4263.12  14.048   7.12 
  4270.24  14.064   7.13 
  4277.37  14.084   7.14 
  4284.51  14.109   7.15 
  4291.66  14.143   7.16 
  4298.82  14.184   7.18 
   4306.0  14.238   7.19 
  4313.19  14.307   7.19 
  4320.38  14.387   7.22 
   4327.6  14.483   7.22 
  4334.82  14.615   7.24 
  4342.06   14.77   7.24 
   4349.3  14.601   7.26 
  4356.56  14.478   7.28 
  4363.84  14.387   7.28 
  4371.12  14.312    7.3 
  4378.42   14.25   7.31 
  4385.73  14.199   7.31 
  4393.04  14.164   7.34 
  4400.38  14.136   7.34 
  4407.72  14.114   7.36 
  4415.08    14.1   7.37 
  4422.45  14.089   7.38 
  4429.83   14.08    7.4 
  4437.23  14.075    7.4 
  4444.63  14.072   7.42 
  4452.05  14.071   7.43 
  4459.48   14.07   7.45 
  4466.93  14.068   7.45 
  4474.38  14.067   7.47 
  4481.85  14.067   7.48 
  4489.33  14.068    7.5 
  4496.83   14.07    7.5 
  4504.33  14.071   7.52 
  4511.85  14.072   7.53 
  4519.38  14.074   7.55 
  4526.93  14.076   7.55 
  4534.48  14.078   7.57 
  4542.05   14.08   7.58 
  4549.63  14.082    7.6 
  4557.23  14.084   7.61 
  4564.84  14.087   7.62 
  4572.46  14.089   7.63 
  4580.09  14.091   7.64 
  4587.73  14.094   7.66 
  4595.39  14.097   7.67 
  4603.06  14.099   7.69 
  4610.75  14.102   7.69 
  4618.44  14.105   7.71 
  4626.15  14.108   7.72 
  4633.87  14.111   7.74 
  4641.61  14.114   7.74 
  4649.35  14.117   7.77 
  4657.12   14.12   7.77 
  4664.89  14.124   7.79 
  4672.68  14.127    7.8 
  4680.48  14.131   7.81 
  4688.29  14.135   7.83 
  4696.12  14.139   7.83 
  4703.95  14.143   7.86 
  4711.81  14.148   7.86 
  4719.67  14.153   7.88 
  4727.55  14.157   7.89 
  4735.44  14.164    7.9 
  4743.34  14.171   7.92 
  4751.26  14.178   7.93 
  4759.19  14.186   7.95 
  4767.14  14.195   7.95 
  4775.09  14.206   7.97 
  4783.06  14.219   7.99 
  4791.05  14.236    8.0 
  4799.05  14.256   8.01 
  4807.06   14.28   8.02 
  4815.08  14.314   8.04 
  4823.12  14.356   8.05 
  4831.17  14.407   8.06 
  4839.23  14.474   8.08 
  4847.31  14.556   8.09 
   4855.4  14.705   8.11 
  4863.51  14.904   8.11 
  4871.62  14.665   8.14 
  4879.76  14.544   8.14 
   4887.9  14.469   8.16 
  4896.06  14.406   8.17 
  4904.23  14.363   8.19 
  4912.42  14.328    8.2 
  4920.62  14.302   8.21 
  4928.83  14.283   8.23 
  4937.06   14.27   8.24 
   4945.3   14.26   8.26 
  4953.56  14.253   8.27 
  4961.83  14.247   8.28 
  4970.11  14.248   8.29 
   4978.4  14.249   8.31 
  4986.71   14.25   8.33 
  4995.04  14.251   8.34 
  5003.38  14.252   8.35 
  5011.73  14.253   8.36 
  5020.09  14.254   8.38 
  5028.47  14.255    8.4 
  5036.87  14.256    8.4 
  5045.27  14.257   8.42 
  5053.69  14.258   8.44 
  5062.13  14.259   8.45 
  5070.58   14.26   8.46 
  5079.04  14.261   8.48 
  5087.52  14.262   8.49 
  5096.01  14.263   8.51 
  5104.52  14.264   8.52 
  5113.04  14.265   8.54 
  5121.58  14.266   8.54 
  5130.12  14.267   8.57 
  5138.69  14.269   8.58 
  5147.27  14.272   8.59 
  5155.86  14.274    8.6 
  5164.46  14.277   8.62 
  5173.08  14.279   8.64 
  5181.72  14.282   8.65 
  5190.37  14.284   8.66 
  5199.03  14.287   8.68 
  5207.71  14.289   8.69 
   5216.4  14.292   8.71 
  5225.11  14.295   8.72 
  5233.83  14.297   8.74 
  5242.57    14.3   8.75 
  5251.32  14.302   8.76 
  5260.08  14.305   8.79 
  5268.87  14.308   8.79 
  5277.66   14.31   8.81 
  5286.47  14.313   8.82 
  5295.29  14.316   8.84 
  5304.13  14.318   8.86 
  5312.99  14.321   8.86 
  5321.85  14.323   8.89 
  5330.74  14.326    8.9 
  5339.64  14.329   8.91 
  5348.55  14.331   8.93 
  5357.48  14.334   8.94 
  5366.42  14.337   8.96 
  5375.38  14.339   8.97 
  5384.35  14.342   8.99 
  5393.34  14.345    9.0 
  5402.34  14.347   9.02 
  5411.36   14.35   9.03 
  5420.39  14.353   9.05 
  5429.44  14.356   9.06 
   5438.5  14.358   9.08 
  5447.58  14.361   9.09 
  5456.67  14.364   9.11 
  5465.78  14.367   9.12 
   5474.9  14.369   9.14 
  5484.04  14.372   9.16 
   5493.2  14.375   9.17 
  5502.37  14.377   9.18 
  5511.55   14.38    9.2 
  5520.75  14.383   9.22 
  5529.97  14.385   9.23 
   5539.2  14.388   9.24 
  5548.44  14.391   9.27 
  5557.71  14.394   9.27 
  5566.98  14.396   9.29 
  5576.27  14.399   9.31 
  5585.58  14.402   9.33 
  5594.91  14.405   9.34 
  5604.25  14.407   9.35 
   5613.6   14.41   9.37 
  5622.97  14.413   9.39 
  5632.36  14.416    9.4 
  5641.76  14.419   9.41 
  5651.17  14.421   9.44 
  5660.61  14.424   9.45 
  5670.06  14.427   9.46 
  5679.52  14.429   9.48 
   5689.0  14.432    9.5 
   5698.5  14.435   9.51 
  5708.01  14.438   9.53 
  5717.54   14.44   9.54 
  5727.08  14.443   9.56 
  5736.64  14.446   9.58 
  5746.22  14.449   9.59 
  5755.81  14.451   9.61 
  5765.42  14.454   9.62 
  5775.04  14.457   9.64 
  5784.68   14.46   9.66 
  5794.34  14.463   9.67 
  5804.01  14.465   9.69 
   5813.7  14.468    9.7 
   5823.4  14.471   9.72 
  5833.12  14.474   9.74 
  5842.86  14.476   9.75 
  5852.61  14.479   9.77 
  5862.38  14.482   9.79 
  5872.17  14.485    9.8 
  5881.97  14.487   9.82 
  5891.79   14.49   9.83 
  5901.62  14.493   9.85 
  5911.47  14.496   9.87 
  5921.34  14.499   9.88 
  5931.22  14.501    9.9 
  5941.12  14.504   9.92 
  5951.04  14.507   9.93 
  5960.97   14.51   9.95 
  5970.92  14.513   9.97 
  5980.89  14.516   9.98 
  5990.87  14.518   10.0 
  6000.87  14.521  10.02 
  6010.89  14.524  10.03 
  6020.92  14.527  10.05 
  6030.97  14.529  10.07 
  6041.04  14.532  10.08 
  6051.12  14.535  10.11 
  6061.23  14.538  10.11 
  6071.34  14.541  10.14 
  6081.48  14.544  10.15 
  6091.63  14.546  10.17 
   6101.8  14.549  10.18 
  6111.98  14.552  10.21 
  6122.19  14.555  10.21 
   6132.4  14.558  10.24 
  6142.64  14.561  10.25 
  6152.89  14.564  10.27 
  6163.16  14.567  10.29 
  6173.45  14.569  10.31 
  6183.76  14.572  10.32 
  6194.08  14.575  10.34 
  6204.42  14.578  10.35 
  6214.77  14.581  10.38 
  6225.15  14.584  10.39 
  6235.54  14.587  10.41 
  6245.95   14.59  10.42 
  6256.37  14.593  10.45 
  6266.82  14.596  10.46 
  6277.28  14.599  10.47 
  6287.75  14.602   10.5 
  6298.25  14.605  10.51 
  6308.76   14.61  10.53 
  6319.29  14.614  10.55 
  6329.84  14.618  10.57 
  6340.41  14.623  10.58 
  6350.99  14.627   10.6 
  6361.59  14.631  10.62 
  6372.21  14.636  10.64 
  6382.85   14.64  10.65 
   6393.5  14.645  10.67 
  6404.17  14.649   10.7 
  6414.87  14.654   10.7 
  6425.57  14.658  10.73 
   6436.3  14.663  10.74 
  6447.04  14.667  10.76 
   6457.8  14.672  10.78 
  6468.58  14.678   10.8 
  6479.38  14.689  10.82 
   6490.2  14.702  10.83 
  6501.03  14.719  10.85 
  6511.88  14.742  10.87 
  6522.75  14.773  10.89 
  6533.64  14.815   10.9 
  6544.54  14.871  10.93 
  6555.47  14.965  10.94 
  6566.41   15.11  10.96 
  6577.37  14.919  10.98 
  6588.35  14.859   11.0 
  6599.35  14.812  11.01 
  6610.36  14.779  11.04 
   6621.4  14.767  11.05 
  6632.45  14.765  11.07 
  6643.52  14.762  11.09 
  6654.61   14.76  11.11 
  6665.72  14.757  11.13 
  6676.85  14.755  11.14 
  6687.99  14.752  11.16 
  6699.15   14.75  11.19 
  6710.34  14.747   11.2 
  6721.54  14.744  11.22 
  6732.76  14.742  11.24 
   6744.0  14.739  11.25 
  6755.25  14.737  11.28 
  6766.53  14.734  11.29 
  6777.82  14.732  11.32 
  6789.14  14.729  11.33 
  6800.47  14.731  11.35 
  6811.82  14.734  11.37 
  6823.19  14.736  11.39 
  6834.58  14.739  11.41 
  6845.99  14.742  11.43 
  6857.42  14.745  11.44 
  6868.86  14.748  11.47 
  6880.33   14.75  11.48 
  6891.81  14.753  11.51 
  6903.32  14.756  11.52 
  6914.84  14.759  11.54 
  6926.38  14.762  11.56 
  6937.94  14.765  11.58 
  6949.52  14.768   11.6 
  6961.12  14.771  11.63 
  6972.75  14.774  11.63 
  6984.38  14.776  11.66 
  6996.04  14.779  11.68 
  7007.72  14.782   11.7 
  7019.42  14.785  11.71 
  7031.13  14.788  11.74 
  7042.87   14.79  11.76 
  7054.63  14.793  11.77 
   7066.4  14.796   11.8 
   7078.2  14.799  11.81 
  7090.01  14.802  11.84 
  7101.85  14.805  11.85 
   7113.7  14.808  11.88 
  7125.58  14.811  11.89 
  7137.47  14.814  11.91 
  7149.38  14.816  11.94 
  7161.32  14.819  11.95 
  7173.27  14.822  11.98 
  7185.25  14.825  11.99 
  7197.24  14.828  12.01 
  7209.25  14.831  12.04 
  7221.29  14.833  12.05 
  7233.34  14.836  12.08 
  7245.42  14.839  12.09 
  7257.51  14.842  12.11 
  7269.62  14.845  12.14 
  7281.76  14.848  12.15 
  7293.91  14.851  12.18 
  7306.09  14.854  12.19 
  7318.28  14.857  12.22 
   7330.5  14.859  12.23 
  7342.73  14.862  12.26 
  7354.99  14.865  12.28 
  7367.27  14.868   12.3 
  7379.57  14.871  12.31 
  7391.88  14.874  12.34 
  7404.22  14.877  12.36 
  7416.58  14.879  12.38 
  7428.96  14.882   12.4 
  7441.36  14.885  12.42 
  7453.78  14.888  12.45 
  7466.23  14.891  12.46 
  7478.69  14.894  12.48 
  7491.17  14.897  12.51 
  7503.68    14.9  12.52 
   7516.2  14.903  12.55 
  7528.75  14.905  12.56 
  7541.31  14.908  12.59 
   7553.9  14.911  12.61 
  7566.51  14.914  12.63 
  7579.14  14.917  12.65 
  7591.79   14.92  12.67 
  7604.46  14.923   12.7 
  7617.16  14.926  12.71 
  7629.87  14.929  12.74 
  7642.61  14.932  12.76 
  7655.37  14.934  12.78 
  7668.15  14.937  12.79 
  7680.94   14.94  12.83 
  7693.77  14.943  12.84 
  7706.61  14.946  12.86 
  7719.47  14.949  12.89 
  7732.36  14.952   12.9 
  7745.26  14.955  12.93 
  7758.19  14.958  12.95 
  7771.14   14.96  12.98 
  7784.12  14.963  12.99 
  7797.11  14.966  13.01 
  7810.12  14.969  13.04 
  7823.16  14.972  13.06 
  7836.22  14.975  13.08 
   7849.3  14.978   13.1 
   7862.4  14.981  13.12 
  7875.52  14.984  13.15 
  7888.67  14.987  13.17 
  7901.84   14.99  13.19 
  7915.03  14.992  13.21 
  7928.24  14.995  13.23 
  7941.47  14.998  13.26 
  7954.73  15.001  13.28 
  7968.01  15.004   13.3 
  7981.31  15.007  13.32 
  7994.63   15.01  13.35 
  8007.98  15.013  13.36 
  8021.34  15.016  13.39 
  8034.73  15.019  13.41 
  8048.14  15.021  13.44 
  8061.58  15.023  13.45 
  8075.03  15.025  13.48 
  8088.51  15.028  13.51 
  8102.02   15.03  13.52 
  8115.54  15.032  13.54 
  8129.08  15.034  13.57 
  8142.65  15.037   13.6 
  8156.25  15.039  13.61 
  8169.86  15.041  13.64 
   8183.5  15.044  13.66 
  8197.16  15.046  13.68 
  8210.84  15.049  13.71 
  8224.55  15.052  13.72 
  8238.27  15.055  13.76 
  8252.03  15.058  13.77 
   8265.8  15.061   13.8 
   8279.6  15.065  13.82 
  8293.42  15.068  13.84 
  8307.26  15.071  13.87 
  8321.13  15.075  13.89 
  8335.02  15.078  13.91 
  8348.93  15.081  13.94 
  8362.87  15.085  13.96 
  8376.83  15.088  13.98 
  8390.81  15.091  14.01 
  8404.82  15.095  14.02 
  8418.84    15.1  14.06 
   8432.9  15.106  14.07 
  8446.97  15.111   14.1 
  8461.07  15.116  14.13 
   8475.2  15.121  14.14 
  8489.34  15.127  14.17 
  8503.51  15.131   14.2 
  8517.71  15.137  14.22 
  8531.93  15.142  14.24 
  8546.17  15.145  14.26 
  8560.43  15.152  14.29 
  8574.72  15.158  14.32 
  8589.04  15.161  14.33 
  8603.37  15.163  14.36 
  8617.73  15.171  14.39 
  8632.12  15.176  14.41 
  8646.53   15.18  14.43 
  8660.96   15.18  14.46 
  8675.42  15.185  14.48 
   8689.9  15.192   14.5 
   8704.4  15.196  14.53 
  8718.93    15.2  14.56 
  8733.49  15.203  14.57 
  8748.06  15.201  14.61 
  8762.67  15.207  14.62 
  8777.29  15.214  14.66 
  8791.95  15.217  14.67 
  8806.62   15.22   14.7 
  8821.32  15.224  14.72 
  8836.04  15.229  14.75 
  8850.79  15.231  14.78 
  8865.57   15.22   14.8 
  8880.37  15.236  14.82 
  8895.19  15.238  14.85 
  8910.04  15.239  14.87 
  8924.91  15.241   14.9 
  8939.81  15.244  14.92 
  8954.73  15.249  14.95 
  8969.68  15.255  14.97 
  8984.65  15.261   15.0 
  8999.65  15.266  15.02 
  9014.67  15.254  15.05 
  9029.72  15.268  15.07 
  9044.79   15.27   15.1 
  9059.89  15.267  15.12 
  9075.01  15.264  15.15 
  9090.16  15.263  15.17 
  9105.33  15.263   15.2 
  9120.53  15.266  15.22 
  9135.75  15.271  15.25 
   9151.0  15.279  15.28 
  9166.28  15.289   15.3 
  9181.58  15.301  15.33 
  9196.91  15.314  15.35 
  9212.26  15.325  15.37 
  9227.63  15.315  15.41 
  9243.04   15.33  15.43 
  9258.47  15.328  15.45 
  9273.92  15.319  15.48 
   9289.4   15.31  15.51 
  9304.91  15.302  15.53 
  9320.44  15.296  15.56 
   9336.0  15.291  15.58 
  9351.58  15.288  15.61 
  9367.19  15.288  15.64 
  9382.83  15.289  15.66 
  9398.49  15.293  15.69 
  9414.18  15.299  15.71 
  9429.89  15.306  15.74 
  9445.63  15.317  15.77 
   9461.4   15.33  15.79 
  9477.19  15.346  15.82 
  9493.01  15.364  15.85 
  9508.86  15.383  15.87 
  9524.73  15.402   15.9 
  9540.63  15.411  15.92 
  9556.55  15.412  15.95 
   9572.5  15.409  15.98 
  9588.48  15.395  16.01 
  9604.49  15.381  16.03 
  9620.52  15.368  16.06 
  9636.58  15.356  16.08 
  9652.66  15.347  16.12 
  9668.78  15.341  16.14 
  9684.92  15.334  16.16 
  9701.08  15.331  16.19 
  9717.27  15.329  16.22 
  9733.49  15.327  16.25 
  9749.74  15.327  16.28 
  9766.02  15.328   16.3 
  9782.32   15.33  16.33 
  9798.65  15.333  16.35 
   9815.0  15.336  16.39 
  9831.39   15.34  16.41 
   9847.8  15.346  16.43 
  9864.23  15.352  16.47 
   9880.7   15.36  16.49 
  9897.19  15.369  16.52 
  9913.71  15.379  16.55 
  9930.26  15.393  16.58 
  9946.84  15.408   16.6 
  9963.44  15.425  16.63 
  9980.07  15.446  16.66 
  9996.73  15.468  16.69 
 10013.42  15.493  16.71 
 10030.13  15.521  16.74 
 10046.87  15.548  16.77 
 10063.64  15.543   16.8 
 10080.44  15.519  16.83 
 10097.27  15.498  16.85 
 10114.12  15.482  16.89 
 10131.01  15.469  16.91 
 10147.92  15.456  16.94 
 10164.86  15.443  16.96 
 10181.82  15.431   17.0 
 10198.82  15.426  17.02 
 10215.84  15.423  17.06 
  10232.9   15.42  17.08 
 10249.98  15.417  17.11 
 10267.09  15.414  17.13 
 10284.22  15.415  17.17 
 10301.39  15.416   17.2 
 10318.59  15.417  17.22 
 10335.81  15.418  17.25 
 10353.06   15.42  17.28 
 10370.34  15.422  17.31 
 10387.65  15.425  17.34 
 10404.99  15.427  17.37 
 10422.36  15.429   17.4 
 10439.76  15.432  17.42 
 10457.18  15.435  17.46 
 10474.64  15.438  17.48 
 10492.12  15.441  17.52 
 10509.64  15.444  17.54 
 10527.18  15.448  17.57 
 10544.75  15.451   17.6 
 10562.35  15.455  17.64 
 10579.99  15.458  17.66 
 10597.65  15.462  17.68 
 10615.33  15.466  17.72 
 10633.05  15.471  17.75 
  10650.8  15.475  17.78 
 10668.58  15.479  17.81 
 10686.39  15.485  17.84 
 10704.23  15.491  17.86 
 10722.09  15.498   17.9 
 10739.99  15.505  17.93 
 10757.92  15.511  17.96 
 10775.88  15.523  17.98 
 10793.86  15.536  18.02 
 10811.88  15.548  18.05 
 10829.93  15.561  18.08 
 10848.01  15.576   18.1 
 10866.11  15.596  18.14 
 10884.25  15.617  18.17 
 10902.42  15.642   18.2 
 10920.62  15.674  18.23 
 10938.85  15.711  18.26 
 10957.11  15.689  18.29 
  10975.4  15.659  18.32 
 10993.72  15.639  18.35 
 11012.07  15.623  18.38 
 11030.45  15.608  18.41 
 11048.86  15.599  18.44 
  11067.3  15.594  18.48 
 11085.78  15.588   18.5 
 11104.28  15.583  18.54 
 11122.82  15.578  18.56 
 11141.38  15.572   18.6 
 11159.98  15.571  18.63 
 11178.61  15.572  18.66 
 11197.27  15.573  18.69 
 11215.96  15.574  18.72 
 11234.68  15.574  18.75 
 11253.43  15.575  18.79 
 11272.22  15.578  18.81 
 11291.03   15.58  18.85 
 11309.88  15.583  18.88 
 11328.76  15.585  18.91 
 11347.67  15.588  18.94 
 11366.61   15.59  18.97 
 11385.58  15.593  19.01 
 11404.59  15.596  19.04 
 11423.63  15.599  19.07 
  11442.7  15.602   19.1 
  11461.8  15.605  19.13 
 11480.93  15.608  19.16 
 11500.09  15.611   19.2 
 11519.29  15.614  19.23 
 11538.52  15.617  19.26 
 11557.78   15.62  19.29 
 11577.07  15.623  19.32 
 11596.39  15.626  19.36 
 11615.75  15.629  19.39 
 11635.14  15.633  19.42 
 11654.56  15.636  19.45 
 11674.01  15.639  19.49 
  11693.5  15.642  19.52 
 11713.02  15.645  19.55 
 11732.57  15.648  19.59 
 11752.16  15.651  19.61 
 11771.77  15.655  19.65 
 11791.42  15.658  19.68 
  11811.1  15.661  19.72 
 11830.82  15.664  19.75 
 11850.57  15.667  19.78 
 11870.35  15.671  19.81 
 11890.16  15.674  19.85 
 11910.01  15.677  19.88 
 11929.89   15.68  19.91 
  11949.8  15.683  19.95 
 11969.75  15.687  19.98 
 11989.73   15.69  20.01 
 12009.74  15.692  20.01 
