    900.6  11.17   9.26 
   909.86  9.427   9.26 
   919.12  7.984   9.26 
   928.38  7.146   9.26 
   937.64  6.786   9.26 
    946.9  6.647   9.26 
   956.16  6.526   9.26 
   965.42  6.515   9.26 
   974.68  6.455   9.26 
   983.94  6.368   9.26 
    993.2  6.403   9.26 
  1002.46  6.522   9.26 
  1011.72   6.55   9.26 
  1020.98  6.469   9.26 
  1030.24  6.374   9.26 
   1039.5  6.292   9.26 
  1048.76  6.303   9.26 
  1058.02  6.299   9.26 
  1067.28  6.302   9.26 
  1076.54  6.327   9.26 
   1085.8  6.358   9.26 
  1095.06  6.361   9.26 
  1104.32  6.319   9.26 
  1113.58   6.24   9.26 
  1122.84  6.236   9.26 
   1132.1   6.31   9.26 
  1141.36   6.27  14.44 
   1155.8  6.271    1.2 
   1157.0  6.264    1.2 
   1158.2  6.315    1.0 
   1159.2  6.298    1.2 
   1160.4  6.284    1.2 
   1161.6   6.25    1.2 
   1162.8  6.281    1.2 
   1164.0    6.3    1.2 
   1165.2  6.311    1.2 
   1166.4  6.322    1.2 
   1167.6  6.289    1.2 
   1168.8  6.289    1.0 
   1169.8  6.308    1.2 
   1171.0  6.324    1.2 
   1172.2   6.34    1.2 
   1173.4   6.35    1.2 
   1174.6  6.357    1.2 
   1175.8  6.316    1.2 
   1177.0  6.306    1.2 
   1178.2  6.308    1.2 
   1179.4  6.304    1.2 
   1180.6  6.302    1.0 
   1181.6  6.283    1.2 
   1182.8  6.247    1.2 
   1184.0  6.247    1.2 
   1185.2  6.288    1.2 
   1186.4  6.286    1.2 
   1187.6  6.277    1.2 
   1188.8  6.325    1.2 
   1190.0  6.352    1.2 
   1191.2  6.381    1.2 
   1192.4  6.382    1.0 
   1193.4  6.422    1.2 
   1194.6  6.444    1.2 
   1195.8  6.461    1.2 
   1197.0  6.467    1.2 
   1198.2  6.451    1.2 
   1199.4  6.473    1.2 
   1200.6  6.495    1.2 
   1201.8  6.443    1.2 
   1203.0  6.426    1.2 
   1204.2  6.453    1.0 
   1205.2  6.488    1.2 
   1206.4  6.513    1.2 
   1207.6  6.592    1.2 
   1208.8  6.738    1.2 
   1210.0  6.875    1.2 
   1211.2  7.062    1.2 
   1212.4  7.299    1.2 
   1213.6  7.542    1.2 
   1214.8  7.629    1.2 
   1216.0  7.524    1.0 
   1217.0  7.299    1.2 
   1218.2  7.052    1.2 
   1219.4  6.808    1.2 
   1220.6  6.656    1.2 
   1221.8  6.584    1.2 
   1223.0  6.496    1.2 
   1224.2  6.453    1.2 
   1225.4  6.454    1.2 
   1226.6  6.475    1.2 
   1227.8  6.497    1.0 
   1228.8  6.562    1.2 
   1230.0   6.68    1.2 
   1231.2  6.859    1.2 
   1232.4  7.065    1.2 
   1233.6  7.293    1.2 
   1234.8  7.469    1.2 
   1236.0  7.438    1.2 
   1237.2  7.336    1.2 
   1238.4  7.138    1.2 
   1239.6  6.884    1.0 
   1240.6  6.707    1.2 
   1241.8  6.549    1.2 
   1243.0    6.4    1.2 
   1244.2  6.339    1.2 
   1245.4  6.345    1.2 
   1246.6  6.375    1.2 
   1247.8  6.423    1.2 
   1249.0   6.46    1.2 
   1250.2  6.461    1.2 
   1251.4  6.475    1.0 
   1252.4  6.464    1.2 
   1253.6  6.446    1.2 
   1254.8  6.439    1.2 
   1256.0  6.429    1.2 
   1257.2  6.472    1.2 
   1258.4  6.494    1.2 
   1259.6  6.477    1.2 
   1260.8  6.447    1.2 
   1262.0  6.424    1.2 
   1263.2  6.392    1.0 
   1264.2  6.379    1.2 
   1265.4  6.417    1.2 
   1266.6  6.414    1.2 
   1267.8  6.418    1.2 
   1269.0  6.433    1.2 
   1270.2   6.44    1.2 
   1271.4  6.451    1.2 
   1272.6  6.403    1.2 
   1273.8  6.387    1.2 
   1275.0   6.39    1.0 
   1276.0  6.399    1.2 
   1277.2  6.385    1.2 
   1278.4  6.387    1.2 
   1279.6  6.363    1.2 
   1280.8  6.374    1.2 
   1282.0  6.377    1.2 
   1283.2  6.396    1.2 
   1284.4  6.382    1.2 
   1285.6  6.378    1.2 
   1286.8  6.386    1.0 
   1287.8  6.374    1.2 
   1289.0  6.357    1.2 
   1290.2  6.353    1.2 
   1291.4   6.35    1.2 
   1292.6  6.323    1.2 
   1293.8  6.348    1.2 
   1295.0  6.331    1.2 
   1296.2  6.348    1.2 
   1297.4   6.36    1.2 
   1298.6  6.396    1.0 
   1299.6  6.439    1.2 
   1300.8  6.492    1.2 
   1302.0  6.525    1.2 
   1303.2  6.538    1.2 
   1304.4  6.548    1.2 
   1305.6   6.51    1.2 
   1306.8  6.455    1.2 
   1308.0  6.459    1.2 
   1309.2  6.459    1.2 
   1310.4  6.421    1.0 
   1311.4  6.451    1.2 
   1312.6  6.453    1.2 
   1313.8  6.452    1.2 
   1315.0  6.451    1.2 
   1316.2  6.459    1.2 
   1317.4  6.497    1.2 
   1318.6  6.491    1.2 
   1319.8  6.474    1.2 
   1321.0  6.497    1.0 
   1322.0   6.48    1.2 
   1323.2   6.48    1.2 
   1324.4  6.481    1.2 
   1325.6  6.463    1.2 
   1326.8  6.467    1.2 
   1328.0  6.471    1.2 
   1329.2  6.451    1.2 
   1330.4  6.482    1.2 
   1331.6  6.506    1.2 
   1332.8  6.503    1.0 
   1333.8  6.533    1.2 
   1335.0  6.541    1.2 
   1336.2  6.528    1.2 
   1337.4  6.505    1.2 
   1338.6  6.521    1.2 
   1339.8  6.509    1.2 
   1341.0  6.496    1.2 
   1342.2   6.48    1.2 
   1343.4   6.47    1.2 
   1344.6  6.498    1.0 
   1345.6  6.492    1.2 
   1346.8  6.489    1.2 
   1348.0   6.49    1.2 
   1349.2  6.531    1.2 
   1350.4  6.513    1.2 
   1351.6  6.502    1.2 
   1352.8  6.511    1.2 
   1354.0  6.501    1.2 
   1355.2   6.51    1.2 
   1356.4  6.538    1.0 
   1357.4  6.558    1.2 
   1358.6  6.573    1.2 
   1359.8  6.601    1.2 
   1361.0  6.617    1.2 
   1362.2  6.627    1.2 
   1363.4  6.629    1.2 
   1364.6  6.592    1.2 
   1365.8  6.536    1.2 
   1367.0  6.538    1.2 
   1368.2  6.527    1.0 
   1369.2  6.553    1.2 
   1370.4  6.601    1.2 
   1371.6  6.629    1.2 
   1372.8  6.635    1.2 
   1374.0  6.644    1.2 
   1375.2  6.665    1.2 
   1376.4  6.642    1.2 
   1377.6  6.606    1.2 
   1378.8  6.596    1.2 
   1380.0  6.568    1.0 
   1381.0  6.528    1.2 
   1382.2  6.559    1.2 
   1383.4  6.603    1.2 
   1384.6  6.618    1.2 
   1385.8  6.657    1.2 
   1387.0  6.673    1.2 
   1388.2  6.659    1.2 
   1389.4  6.647    1.2 
   1390.6  6.653    1.2 
   1391.8  6.632    1.0 
   1392.8  6.651    1.2 
   1394.0  6.682    1.2 
   1395.2  6.671    1.2 
   1396.4  6.665    1.2 
   1397.6  6.627    1.2 
   1398.8  6.617    1.2 
   1400.0  6.635    1.2 
   1401.2   6.65    1.2 
   1402.4  6.687    1.2 
   1403.6  6.707    1.0 
   1404.6  6.691    1.2 
   1405.8  6.703    1.2 
   1407.0  6.733    1.2 
   1408.2  6.751    1.2 
   1409.4  6.717    1.2 
   1410.6  6.687    1.2 
   1411.8  6.639    1.2 
   1413.0  6.603    1.2 
   1414.2  6.623    1.2 
   1415.4  6.612    1.0 
   1416.4  6.632    1.2 
   1417.6  6.673    1.2 
   1418.8  6.679    1.2 
   1420.0  6.697    1.2 
   1421.2  6.649    1.2 
   1422.4  6.623    1.2 
   1423.6  6.598    1.2 
   1424.8  6.603    1.2 
   1426.0  6.595    1.2 
   1427.2  6.613    1.0 
   1428.2  6.655    1.2 
   1429.4  6.649    1.2 
   1430.6  6.658    1.2 
   1431.8  6.656    1.2 
   1433.0  6.577    1.2 
   1434.2  6.589    1.2 
   1435.4  6.605    1.2 
   1436.6    6.6    1.2 
   1437.8  6.625    1.2 
   1439.0  6.619    1.0 
   1440.0  6.644    1.2 
   1441.2  6.682    1.2 
   1442.4   6.66    1.2 
   1443.6  6.672    1.2 
   1444.8  6.689    1.2 
   1446.0  6.705    1.2 
   1447.2  6.705    1.2 
   1448.4  6.723    1.2 
   1449.6  6.709    1.2 
   1450.8  6.706    1.0 
   1451.8  6.705    1.2 
   1453.0  6.713    1.2 
   1454.2  6.728    1.2 
   1455.4  6.708    1.2 
   1456.6   6.69    1.2 
   1457.8  6.685    1.2 
   1459.0  6.703    1.2 
   1460.2  6.671    1.2 
   1461.4  6.658    1.2 
   1462.6  6.645    1.0 
   1463.6  6.657    1.2 
   1464.8  6.643    1.2 
   1466.0  6.639    1.2 
   1467.2  6.646    1.2 
   1468.4  6.645    1.2 
   1469.6  6.645    1.2 
   1470.8  6.648    1.2 
   1472.0  6.642    1.2 
   1473.2   6.63    1.2 
   1474.4  6.619    1.0 
   1475.4  6.595    1.2 
   1476.6  6.574    1.2 
   1477.8  6.569    1.2 
   1479.0  6.583    1.2 
   1480.2  6.561    1.2 
   1481.4  6.536    1.2 
   1482.6  6.561    1.2 
   1483.8  6.561    1.2 
   1485.0  6.566    1.0 
   1486.0  6.566    1.2 
   1487.2  6.564    1.2 
   1488.4  6.568    1.2 
   1489.6  6.542    1.2 
   1490.8  6.554    1.2 
   1492.0   6.54    1.2 
   1493.2  6.554    1.2 
   1494.4  6.546    1.2 
   1495.6  6.542    1.2 
   1496.8  6.555    1.0 
   1497.8  6.582    1.2 
   1499.0  6.601    1.2 
   1500.2  6.616    1.2 
   1501.4  6.631    1.2 
   1502.6  6.632    1.2 
   1503.8  6.619    1.2 
   1505.0  6.595    1.2 
   1506.2  6.577    1.2 
   1507.4   6.56    1.2 
   1508.6  6.559    1.0 
   1509.6  6.556    1.2 
   1510.8  6.566    1.2 
   1512.0  6.554    1.2 
   1513.2  6.552    1.2 
   1514.4  6.546    1.2 
   1515.6  6.544    1.2 
   1516.8  6.542    1.2 
   1518.0  6.553    1.2 
   1519.2  6.539    1.2 
   1520.4  6.565    1.0 
   1521.4  6.574    1.2 
   1522.6  6.561    1.2 
   1523.8  6.591    1.2 
   1525.0   6.62    1.2 
   1526.2  6.653    1.2 
   1527.4  6.668    1.2 
   1528.6  6.677    1.2 
   1529.8  6.676    1.2 
   1531.0  6.681    1.2 
   1532.2  6.675    1.0 
   1533.2  6.674    1.2 
   1534.4  6.636    1.2 
   1535.6  6.622    1.2 
   1536.8  6.612    1.2 
   1538.0  6.598    1.2 
   1539.2  6.588    1.2 
   1540.4  6.604    1.2 
   1541.6  6.643    1.2 
   1542.8  6.662    1.2 
   1544.0  6.679    1.0 
   1545.0   6.71    1.2 
   1546.2  6.725    1.2 
   1547.4  6.743    1.2 
   1548.6  6.778    1.2 
   1549.8  6.787    1.2 
   1551.0  6.749    1.2 
   1552.2  6.714    1.2 
   1553.4  6.697    1.2 
   1554.6  6.677    1.2 
   1555.8  6.688    1.0 
   1556.8  6.681    1.2 
   1558.0  6.642    1.2 
   1559.2  6.658    1.2 
   1560.4  6.663    1.2 
   1561.6  6.665    1.2 
   1562.8  6.709    1.2 
   1564.0  6.716    1.2 
   1565.2  6.708    1.2 
   1566.4  6.684    1.2 
   1567.6  6.679    1.0 
   1568.6  6.704    1.2 
   1569.8  6.693    1.2 
   1571.0  6.689    1.2 
   1572.2  6.697    1.2 
   1573.4  6.663    1.2 
   1574.6  6.678    1.2 
   1575.8  6.686    1.2 
   1577.0   6.67    1.2 
   1578.2  6.653    1.2 
   1579.4  6.664    1.0 
   1580.4   6.66    1.2 
   1581.6  6.669    1.2 
   1582.8   6.69    1.2 
   1584.0  6.696    1.2 
   1585.2  6.706    1.2 
   1586.4  6.708    1.2 
   1587.6  6.693    1.2 
   1588.8  6.685    1.2 
   1590.0  6.682    1.2 
   1591.2  6.693    1.0 
   1592.2  6.705    1.2 
   1593.4  6.716    1.2 
   1594.6  6.727    1.2 
   1595.8  6.728    1.2 
   1597.0  6.728    1.2 
   1598.2  6.728    1.2 
   1599.4  6.734    1.2 
   1600.6   6.74    1.2 
   1601.8  6.765    1.2 
   1603.0  6.767    1.0 
   1604.0  6.768    1.2 
   1605.2  6.791    1.2 
   1606.4  6.812    1.2 
   1607.6  6.824    1.2 
   1608.8  6.832    1.2 
   1610.0  6.856    1.2 
   1611.2  6.832    1.2 
   1612.4  6.809    1.2 
   1613.6  6.816    1.2 
   1614.8  6.821    1.0 
   1615.8  6.827    1.2 
   1617.0  6.824    1.2 
   1618.2  6.816    1.2 
   1619.4  6.807    1.2 
   1620.6  6.806    1.2 
   1621.8  6.827    1.2 
   1623.0  6.826    1.2 
   1624.2  6.819    1.2 
   1625.4  6.822    1.2 
   1626.6  6.818    1.0 
   1627.6  6.799    1.2 
   1628.8  6.792    1.2 
   1630.0  6.794    1.2 
   1631.2  6.786    1.2 
   1632.4  6.794    1.2 
   1633.6  6.768    1.2 
   1634.8  6.788    1.2 
   1636.0  6.822    1.2 
   1637.2  6.834    1.2 
   1638.4  6.861    1.0 
   1639.4  6.916    1.2 
   1640.6  6.938    1.2 
   1641.8  6.922    1.2 
   1643.0  6.887    1.2 
   1644.2  6.845    1.2 
   1645.4  6.791    1.2 
   1646.6  6.758    1.2 
   1647.8  6.761    1.2 
   1649.0  6.751    1.0 
   1650.0  6.749    1.2 
   1651.2  6.765    1.2 
   1652.4  6.762    1.2 
   1653.6  6.765    1.2 
   1654.8  6.785    1.2 
   1656.0  6.781    1.2 
   1657.2  6.774    1.2 
   1658.4  6.793    1.2 
   1659.6  6.795    1.2 
   1660.8  6.792    1.0 
   1661.8  6.783    1.2 
   1663.0  6.789    1.2 
   1664.2  6.784    1.2 
   1665.4  6.783    1.2 
   1666.6  6.768    1.2 
   1667.8  6.756    1.2 
   1669.0    6.8    1.2 
   1670.2  6.833    1.2 
   1671.4  6.835    1.2 
   1672.6  6.832    1.0 
   1673.6  6.818    1.2 
   1674.8  6.803    1.2 
   1676.0  6.788    1.2 
   1677.2  6.773    1.2 
   1678.4  6.749    1.2 
   1679.6  6.754    1.2 
   1680.8  6.762    1.2 
   1682.0  6.759    1.2 
   1683.2  6.755    1.2 
   1684.4  6.745    1.0 
   1685.4  6.765    1.2 
   1686.6  6.784    1.2 
   1687.8  6.766    1.2 
   1689.0  6.754    1.2 
   1690.2  6.756    1.2 
   1691.4  6.758    1.2 
   1692.6  6.762    1.2 
   1693.8  6.763    1.2 
   1695.0  6.764    1.2 
   1696.2  6.768    1.0 
   1697.2  6.782    1.2 
   1698.4  6.797    1.2 
   1699.6  6.802    1.2 
   1700.8  6.804    1.2 
   1702.0  6.798    1.2 
   1703.2  6.791    1.2 
   1704.4  6.777    1.2 
   1705.6  6.772    1.2 
   1706.8  6.764    1.2 
   1708.0  6.779    1.0 
   1709.0  6.791    1.2 
   1710.2  6.804    1.2 
   1711.4  6.806    1.2 
   1712.6  6.808    1.2 
   1713.8  6.842    1.2 
   1715.0  6.871    1.2 
   1716.2  6.908    1.2 
   1717.4  6.951    1.2 
   1718.6  6.948    1.2 
   1719.8  6.922    1.0 
   1720.8  6.903    1.2 
   1722.0  6.858    1.2 
   1723.2  6.851    1.2 
   1724.4  6.833    1.2 
   1725.6  6.819    1.2 
   1726.8  6.819    1.2 
   1728.0  6.814    1.2 
   1729.2  6.806    1.2 
   1730.4  6.798    1.2 
   1731.6   6.79    1.0 
   1732.6  6.783    1.2 
   1733.8  6.778    1.2 
   1735.0  6.769    1.2 
   1736.2  6.762    1.2 
   1737.4  6.761    1.2 
   1738.6  6.768    1.2 
   1739.8  6.757    1.2 
   1741.0  6.742    1.2 
   1742.2  6.748    1.2 
   1743.4  6.759    1.0 
   1744.4  6.764    1.2 
   1745.6  6.759    1.2 
   1746.8  6.762    1.2 
   1748.0  6.777    1.2 
   1749.2  6.808    1.2 
   1750.4  6.813    1.2 
   1751.6    6.8    1.2 
   1752.8  6.784    1.2 
   1754.0   6.77    1.2 
   1755.2  6.758    1.0 
   1756.2   6.75    1.2 
   1757.4  6.743    1.2 
   1758.6  6.738    1.2 
   1759.8  6.739    1.2 
   1761.0  6.739    1.2 
   1762.2  6.734    1.2 
   1763.4  6.731    1.2 
   1764.6  6.737    1.2 
   1765.8  6.755    1.2 
   1767.0  6.752    1.0 
   1768.0  6.725    1.2 
   1769.2  6.728    1.2 
   1770.4  6.732    1.2 
   1771.6   6.73    1.2 
   1772.8  6.744    1.2 
   1774.0  6.744    1.2 
   1775.2  6.743    1.2 
   1776.4  6.751    1.2 
   1777.6  6.752    1.2 
   1778.8  6.754    1.0 
   1779.8  6.761    1.2 
   1781.0  6.769    1.2 
   1782.2  6.773    1.2 
   1783.4  6.767    1.2 
   1784.6  6.768    1.2 
   1785.8  6.772    1.2 
   1787.0  6.777    1.2 
   1788.2  6.766    1.2 
   1789.4  6.778    1.2 
   1790.6  6.787    1.0 
   1791.6  6.786    1.2 
   1792.8  6.784    1.2 
   1794.0  6.786    1.2 
   1795.2  6.789    1.2 
   1796.4  6.797    1.2 
   1797.6  6.805    1.2 
   1798.8  6.811    1.2 
   1800.0  6.813    1.2 
   1801.2  6.802    1.2 
   1802.4  6.802    1.0 
   1803.4  6.805    1.2 
   1804.6  6.822    1.2 
   1805.8  6.829    1.2 
   1807.0  6.834    1.2 
   1808.2  6.821    1.2 
   1809.4  6.822    1.2 
   1810.6  6.807    1.2 
   1811.8  6.803    1.2 
   1813.0  6.794    1.0 
   1814.0  6.786    1.2 
   1815.2   6.77    1.2 
   1816.4  6.766    1.2 
   1817.6  6.764    1.2 
   1818.8  6.767    1.2 
   1820.0  6.763    1.2 
   1821.2  6.769    1.2 
   1822.4  6.777    1.2 
   1823.6  6.797    1.2 
   1824.8  6.803    1.0 
   1825.8  6.803    1.2 
   1827.0  6.794    1.2 
   1828.2  6.795    1.2 
   1829.4  6.795    1.2 
   1830.6  6.797    1.2 
   1831.8  6.797    1.2 
   1833.0  6.805    1.2 
   1834.2  6.813    1.2 
   1835.4  6.825    1.2 
   1836.6  6.827    1.0 
   1837.6  6.825    1.2 
   1838.8  6.825    1.2 
   1840.0  6.826    1.2 
   1841.2  6.838    1.2 
   1842.4  6.836    1.2 
   1843.6   6.83    1.2 
   1844.8  6.837    1.2 
   1846.0  6.838    1.2 
   1847.2  6.835    1.2 
   1848.4  6.831    1.0 
   1849.4   6.84    1.2 
   1850.6  6.846    1.2 
   1851.8  6.849    1.2 
   1853.0  6.864    1.2 
   1854.2  6.867    1.2 
   1855.4  6.859    1.2 
   1856.6  6.857    1.2 
   1857.8  6.866    1.2 
   1859.0  6.856    1.2 
   1860.2   6.85    1.0 
   1861.2  6.847    1.2 
   1862.4  6.845    1.2 
   1863.6  6.844    1.2 
   1864.8   6.84    1.2 
   1866.0  6.835    1.2 
   1867.2  6.835    1.2 
   1868.4  6.827    1.2 
   1869.6  6.819    1.2 
   1870.8  6.821    1.2 
   1872.0  6.828    1.0 
   1873.0  6.839    1.2 
   1874.2  6.853    1.2 
   1875.4  6.847    1.2 
   1876.6  6.838    1.2 
   1877.8  6.832    1.2 
   1879.0  6.833    1.2 
   1880.2  6.839    1.2 
   1881.4  6.842    1.2 
   1882.6  6.857    1.2 
   1883.8  6.862    1.0 
   1884.8  6.871    1.2 
   1886.0  6.878    1.2 
   1887.2   6.88    1.2 
   1888.4  6.869    1.2 
   1889.6  6.866    1.2 
   1890.8  6.861    1.2 
   1892.0  6.853    1.2 
   1893.2  6.848    1.2 
   1894.4  6.841    1.2 
   1895.6  6.837    1.0 
   1896.6  6.839    1.2 
   1897.8  6.852    1.2 
   1899.0  6.862    1.2 
   1900.2  6.873    1.2 
   1901.4  6.888    1.2 
   1902.6  6.888    1.2 
   1903.8   6.89    1.2 
   1905.0  6.899    1.2 
   1906.2  6.914    1.2 
   1907.4  6.922    1.0 
   1908.4  6.916    1.2 
   1909.6  6.908    1.2 
   1910.8  6.901    1.2 
   1912.0  6.899    1.2 
   1913.2  6.901    1.2 
   1914.4  6.901    1.2 
   1915.6  6.901    1.2 
   1916.8  6.894    1.2 
   1918.0  6.893    1.2 
   1919.2  6.897    1.0 
   1920.2  6.895    1.2 
   1921.4  6.891    1.2 
   1922.6  6.881    1.2 
   1923.8   6.88    1.2 
   1925.0  6.881    1.2 
   1926.2  6.887    1.2 
   1927.4   6.89    1.2 
   1928.6  6.892    1.2 
   1929.8   6.88    1.2 
   1931.0  6.874    1.0 
   1932.0  6.881    1.2 
   1933.2  6.915    1.2 
   1934.4  6.907    1.2 
   1935.6  6.901    1.2 
   1936.8  6.901    1.2 
   1938.0  6.889    1.2 
   1939.2  6.894    1.2 
   1940.4  6.891    1.2 
   1941.6  6.891    1.2 
   1942.8  6.895    1.0 
   1943.8  6.905    1.2 
   1945.0  6.916    1.2 
   1946.2  6.921    1.2 
   1947.4  6.917    1.2 
   1948.6  6.907    1.2 
   1949.8  6.908    1.2 
   1951.0  6.916    1.2 
   1952.2  6.916    1.2 
   1953.4  6.905    1.2 
   1954.6  6.894    1.0 
   1955.6   6.89    1.2 
   1956.8  6.886    1.2 
   1958.0  6.914    1.2 
   1959.2  6.909    1.2 
   1960.4  6.906    1.2 
   1961.6  6.905    1.2 
   1962.8  6.903    1.2 
   1964.0  6.897    1.2 
   1965.2  6.898    1.0 
   1966.2  6.905    1.2 
   1967.4  6.914    1.2 
   1968.6  6.918    1.2 
   1969.8  6.918    0.4 
   1970.2  6.906    1.8 
   1972.0  6.868    1.8 
   1973.8  6.853    2.0 
   1975.8  6.819    1.8 
   1977.6  6.887    1.8 
   1979.4  6.959    2.0 
   1981.4  6.837    1.8 
   1983.2  6.784    1.8 
   1985.0  6.866    2.0 
   1987.0  6.866    1.8 
   1988.8  6.868    1.8 
   1990.6  6.924    2.0 
   1992.6  6.942    1.8 
   1994.4  6.862    1.8 
   1996.2  6.861    2.0 
   1998.2  6.912    1.8 
   2000.0  6.854    1.8 
   2001.8  6.873    2.0 
   2003.8  6.872    1.8 
   2005.6  6.872    1.8 
   2007.4    6.9    2.0 
   2009.4  6.949    1.8 
   2011.2  6.909    2.0 
   2013.2  6.886    1.8 
   2015.0  6.871    1.8 
   2016.8   6.87    2.0 
   2018.8  6.922    1.8 
   2020.6  6.982    1.8 
   2022.4  6.859    2.0 
   2024.4  6.855    1.8 
   2026.2  6.866    1.8 
   2028.0  6.931    2.0 
   2030.0  6.949    1.8 
   2031.8  6.911    1.8 
   2033.6  6.909    2.0 
   2035.6  6.903    1.8 
   2037.4  6.955    1.8 
   2039.2  7.017    2.0 
   2041.2  6.906    1.8 
   2043.0  6.858    1.8 
   2044.8  6.896    2.0 
   2046.8  6.886    1.8 
   2048.6  6.871    1.8 
   2050.4  6.893    2.0 
   2052.4  6.927    1.8 
   2054.2  6.957    1.8 
   2056.0  6.856    2.0 
   2058.0  6.788    1.8 
   2059.8   6.81    2.0 
   2061.8  6.917    1.8 
   2063.6  6.965    1.8 
   2065.4  6.935    2.0 
   2067.4  6.941    1.8 
   2069.2   6.96    1.8 
   2071.0   6.96    2.0 
   2073.0  6.942    1.8 
   2074.8  6.927    1.8 
   2076.6  6.907    2.0 
   2078.6  6.897    1.8 
   2080.4  6.894    1.8 
   2082.2  6.909    2.0 
   2084.2  6.888    1.8 
   2086.0  6.923    1.8 
   2087.8  6.947    2.0 
   2089.8  6.954    1.8 
   2091.6  6.917    1.8 
   2093.4   6.98    2.0 
   2095.4  6.992    1.8 
   2097.2  6.933    1.8 
   2099.0  6.948    2.0 
   2101.0  6.985    1.8 
   2102.8  6.996    2.0 
   2104.8  7.012    1.8 
   2106.6   7.02    1.8 
   2108.4   6.94    2.0 
   2110.4  6.872    1.8 
   2112.2  6.921    1.8 
   2114.0  6.963    2.0 
   2116.0  6.937    1.8 
   2117.8  6.992    1.8 
   2119.6  6.918    2.0 
   2121.6  6.876    1.8 
   2123.4  6.943    1.8 
   2125.2  6.935    2.0 
   2127.2  6.843    1.8 
   2129.0  6.878    1.8 
   2130.8   6.96    2.0 
   2132.8  7.018    1.8 
   2134.6  6.995    1.8 
   2136.4  6.942    2.0 
   2138.4  6.969    1.8 
   2140.2  6.985    1.8 
   2142.0  6.944    2.0 
   2144.0  6.947    1.8 
   2145.8  7.003    1.8 
   2147.6  7.039    2.0 
   2149.6  7.025    1.8 
   2151.4  6.981    2.0 
   2153.4  6.995    1.8 
   2155.2  7.012    1.8 
   2157.0  6.937    2.0 
   2159.0  6.922    1.8 
   2160.8  6.996    1.8 
   2162.6  7.035    2.0 
   2164.6  6.994    1.8 
   2166.4  7.027    1.8 
   2168.2  7.038    2.0 
   2170.2   6.99    1.8 
   2172.0  7.012    1.8 
   2173.8  6.997    2.0 
   2175.8  6.949    1.8 
   2177.6  6.928    1.8 
   2179.4  6.988    2.0 
   2181.4  7.008    1.8 
   2183.2  6.956    1.8 
   2185.0  6.948    2.0 
   2187.0  6.988    1.8 
   2188.8   7.08    1.8 
   2190.6  7.165    2.0 
   2192.6  7.068    1.8 
   2194.4  7.043    1.8 
   2196.2   6.98    2.0 
   2198.2  6.887    1.8 
   2200.0  6.943    2.0 
   2202.0  6.966    1.8 
   2203.8   6.93    1.8 
   2205.6   6.92    2.0 
   2207.6  6.902    1.8 
   2209.4  6.961    1.8 
   2211.2  7.023    2.0 
   2213.2  7.064    1.8 
   2215.0  7.057    1.8 
   2216.8  7.033    2.0 
   2218.8  7.069    1.8 
   2220.6  7.083    1.8 
   2222.4  7.026    2.0 
   2224.4  6.967    1.8 
   2226.2  6.957    1.8 
   2228.0  7.012    2.0 
   2230.0  6.964    1.8 
   2231.8  6.919    1.8 
   2233.6  6.923    2.0 
   2235.6   6.97    1.8 
   2237.4  6.991    1.8 
   2239.2  6.962    2.0 
   2241.2    7.0    1.8 
   2243.0  7.007    2.0 
   2245.0  6.995    1.8 
   2246.8  6.964    1.8 
   2248.6  6.954    2.0 
   2250.6  7.057    1.8 
   2252.4  7.086    1.8 
   2254.2  7.012    2.0 
   2256.2  7.006    1.8 
   2258.0  7.007    1.8 
   2259.8   6.98    2.0 
   2261.8  6.978    1.8 
   2263.6  6.987    1.8 
   2265.4  6.963    2.0 
   2267.4  6.904    1.8 
   2269.2  6.933    1.8 
   2271.0  6.974    2.0 
   2273.0  6.926    1.8 
   2274.8  6.907    1.8 
   2276.6  6.917    2.0 
   2278.6  7.013    1.8 
   2280.4  6.992    1.8 
   2282.2  6.959    2.0 
   2284.2  6.945    1.8 
   2286.0  6.936    1.8 
   2287.8  6.977    2.0 
   2289.8  7.019    1.8 
   2291.6  7.028    2.0 
   2293.6  6.987    1.8 
   2295.4   6.97    1.8 
   2297.2   6.97    2.0 
   2299.2  7.016    1.8 
   2301.0  7.045    1.8 
   2302.8  7.045    2.0 
   2304.8  7.068    1.8 
   2306.6  7.129    1.8 
   2308.4  7.112    2.0 
   2310.4    7.1    1.8 
   2312.2   7.06    1.8 
   2314.0  7.021    2.0 
   2316.0  6.975    1.8 
   2317.8  6.941    1.8 
   2319.6  6.966    2.0 
   2321.6  6.974    1.8 
   2323.4  6.944    1.8 
   2325.2  6.912    2.0 
   2327.2  6.942    1.8 
   2329.0  6.974    1.8 
   2330.8  6.948    2.0 
   2332.8  6.955    1.8 
   2334.6  6.958    1.8 
   2336.4  6.963    2.0 
   2338.4  6.946    1.8 
   2340.2  6.966    2.0 
   2342.2    7.0    1.8 
   2344.0  7.026    1.8 
   2345.8  7.047    2.0 
   2347.8  7.025    1.8 
   2349.6  6.968    1.8 
   2351.4  6.946    2.0 
   2353.4  6.969    1.8 
   2355.2  7.001    1.8 
   2357.0  6.972    2.0 
   2359.0  6.938    1.8 
   2360.8  6.923    1.8 
   2362.6  6.966    2.0 
   2364.6  6.992    1.8 
   2366.4  6.972    1.8 
   2368.2  6.995    2.0 
   2370.2  7.032    1.8 
   2372.0  7.037    1.8 
   2373.8  7.031    2.0 
   2375.8  7.005    1.8 
   2377.6  7.037    1.8 
   2379.4  7.081    2.0 
   2381.4  7.042    1.8 
   2383.2  7.054    2.0 
   2385.2  7.179    1.8 
   2387.0  7.186    1.8 
   2388.8   7.13    2.0 
   2390.8  7.114    1.8 
   2392.6  7.075    1.8 
   2394.4  7.017    2.0 
   2396.4  6.988    1.8 
   2398.2  7.022    1.8 
   2400.0  7.051    2.0 
   2402.0  7.018    1.8 
   2403.8  7.022    1.8 
   2405.6  7.036    2.0 
   2407.6  7.005    1.8 
   2409.4  6.999    1.8 
   2411.2  6.986    2.0 
   2413.2  6.988    1.8 
   2415.0  7.016    1.8 
   2416.8  7.037    2.0 
   2418.8  7.008    1.8 
   2420.6  7.019    1.8 
   2422.4  7.033    2.0 
   2424.4  7.035    1.8 
   2426.2  7.009    1.8 
   2428.0  6.996    2.0 
   2430.0  6.999    1.8 
   2431.8  7.017    2.0 
   2433.8  7.014    1.8 
   2435.6   7.03    1.8 
   2437.4  7.026    2.0 
   2439.4  7.012    1.8 
   2441.2  6.994    1.8 
   2443.0  7.006    2.0 
   2445.0  7.004    1.8 
   2446.8  6.998    1.8 
   2448.6  7.038    2.0 
   2450.6  7.031    1.8 
   2452.4  6.976    1.8 
   2454.2   6.99    2.0 
   2456.2   7.04    1.8 
   2458.0  7.056    1.8 
   2459.8  7.029    2.0 
   2461.8  7.023    1.8 
   2463.6  7.034    1.8 
   2465.4   7.05    2.0 
   2467.4  7.042    1.8 
   2469.2  7.031    1.8 
   2471.0  7.063    2.0 
   2473.0  7.047    1.8 
   2474.8  7.023    1.8 
   2476.6  7.025    2.0 
   2478.6  7.047    1.8 
   2480.4  7.057    2.0 
   2482.4  7.078    1.8 
   2484.2  7.082    1.8 
   2486.0  7.055    2.0 
   2488.0  7.024    1.8 
   2489.8  7.033    1.8 
   2491.6  7.044    2.0 
   2493.6  7.044    1.8 
   2495.4  7.044    1.8 
   2497.2   7.06    2.0 
   2499.2  7.078    1.8 
   2501.0  7.048    1.8 
   2502.8  7.037    2.0 
   2504.8  7.065    1.8 
   2506.6  7.103    1.8 
   2508.4  7.148    2.0 
   2510.4  7.183    1.8 
   2512.2  7.234    1.8 
   2514.0   7.23    2.0 
   2516.0  7.206    1.8 
   2517.8  7.119    1.8 
   2519.6  7.088    2.0 
   2521.6  7.103    1.8 
   2523.4  7.121    2.0 
   2525.4  7.094    1.8 
   2527.2  7.064    1.8 
   2529.0  7.085    2.0 
   2531.0  7.102    1.8 
   2532.8  7.083    1.8 
   2534.6  7.076    2.0 
   2536.6  7.072    1.8 
   2538.4  7.044    1.8 
   2540.2  7.071    2.0 
   2542.2  7.081    1.8 
   2544.0  7.067    1.8 
   2545.8  7.067    2.0 
   2547.8  7.053    1.8 
   2549.6   7.03    1.8 
   2551.4  7.034    2.0 
   2553.4  7.063    1.8 
   2555.2  7.082    1.8 
   2557.0  7.083    2.0 
   2559.0  7.099    1.8 
   2560.8  7.108    1.8 
   2562.6  7.069    2.0 
   2564.6  7.072    1.8 
   2566.4  7.054    1.8 
   2568.2   7.04    2.0 
   2570.2  7.062    1.8 
   2572.0  7.103    2.0 
   2574.0  7.125    1.8 
   2575.8  7.128    1.8 
   2577.6  7.141    2.0 
   2579.6  7.138    1.8 
   2581.4  7.122    1.8 
   2583.2  7.129    2.0 
   2585.2  7.171    1.8 
   2587.0  7.208    1.8 
   2588.8  7.205    2.0 
   2590.8  7.168    1.8 
   2592.6  7.159    1.8 
   2594.4  7.176    2.0 
   2596.4  7.186    1.8 
   2598.2  7.192    1.8 
   2600.0  7.231    2.0 
   2602.0  7.246    1.8 
   2603.8  7.213    1.8 
   2605.6  7.171    2.0 
   2607.6   7.15    1.8 
   2609.4  7.156    1.8 
   2611.2  7.161    2.0 
   2613.2  7.163    1.8 
   2615.0  7.151    1.8 
   2616.8  7.149    2.0 
   2618.8  7.157    1.8 
   2620.6   7.16    2.0 
   2622.6  7.146    1.8 
   2624.4  7.138    1.8 
   2626.2  7.135    2.0 
   2628.2   7.12    1.8 
   2630.0  7.101    1.8 
   2631.8  7.108    2.0 
   2633.8  7.145    1.8 
   2635.6  7.166    1.8 
   2637.4  7.165    2.0 
   2639.4  7.174    1.8 
   2641.2  7.219    1.8 
   2643.0  7.218    2.0 
   2645.0  7.193    1.8 
   2646.8  7.208    1.8 
   2648.6  7.216    2.0 
   2650.6  7.186    1.8 
   2652.4  7.147    1.8 
   2654.2  7.137    2.0 
   2656.2  7.176    1.8 
   2658.0  7.188    1.8 
   2659.8  7.169    2.0 
   2661.8  7.178    1.8 
   2663.6  7.183    2.0 
   2665.6  7.181    1.8 
   2667.4  7.178    1.8 
   2669.2  7.178    2.0 
   2671.2  7.176    1.8 
   2673.0  7.184    1.8 
   2674.8  7.193    2.0 
   2676.8  7.193    1.8 
   2678.6  7.202    1.8 
   2680.4  7.214    2.0 
   2682.4  7.202    1.8 
   2684.2  7.175    1.8 
   2686.0  7.173    2.0 
   2688.0  7.182    1.8 
   2689.8  7.196    1.8 
   2691.6  7.185    2.0 
   2693.6  7.157    1.8 
   2695.4  7.156    1.8 
   2697.2  7.175    2.0 
   2699.2   7.17    1.8 
   2701.0  7.155    1.8 
   2702.8  7.139    2.0 
   2704.8  7.148    1.8 
   2706.6  7.175    1.8 
   2708.4  7.181    2.0 
   2710.4   7.18    1.8 
   2712.2  7.173    2.0 
   2714.2  7.175    1.8 
   2716.0  7.187    1.8 
   2717.8  7.187    2.0 
   2719.8  7.202    1.8 
   2721.6   7.22    1.8 
   2723.4  7.234    2.0 
   2725.4  7.233    1.8 
   2727.2  7.235    1.8 
   2729.0  7.251    2.0 
   2731.0  7.292    1.8 
   2732.8  7.331    1.8 
   2734.6  7.337    2.0 
   2736.6  7.327    1.8 
   2738.4  7.295    1.8 
   2740.2  7.262    2.0 
   2742.2  7.233    1.8 
   2744.0  7.226    1.8 
   2745.8  7.212    2.0 
   2747.8  7.209    1.8 
   2749.6    7.2    1.8 
   2751.4  7.191    2.0 
   2753.4  7.199    1.8 
   2755.2  7.211    1.8 
   2757.0  7.201    2.0 
   2759.0  7.199    1.8 
   2760.8  7.209    2.0 
   2762.8  7.238    1.8 
   2764.6  7.239    1.8 
   2766.4  7.232    2.0 
   2768.4  7.229    1.8 
   2770.2  7.247    1.8 
   2772.0  7.254    2.0 
   2774.0  7.257    1.8 
   2775.8  7.261    1.8 
   2777.6  7.272    2.0 
   2779.6  7.284    1.8 
   2781.4  7.283    1.8 
   2783.2  7.275    2.0 
   2785.2  7.279    1.8 
   2787.0  7.273    1.8 
   2788.8  7.279    2.0 
   2790.8    7.3    1.8 
   2792.6  7.326    1.8 
   2794.4   7.35    2.0 
   2796.4  7.387    1.8 
   2798.2  7.403    1.8 
   2800.0  7.392    2.0 
   2802.0  7.376    1.8 
   2803.8  7.376    2.0 
   2805.8  7.359    1.8 
   2807.6  7.323    1.8 
   2809.4  7.286    2.0 
   2811.4  7.268    1.8 
   2813.2  7.258    1.8 
   2815.0  7.247    2.0 
   2817.0  7.232    1.8 
   2818.8  7.241    1.8 
   2820.6  7.235    2.0 
   2822.6  7.234    1.8 
   2824.4  7.259    1.8 
   2826.2  7.279    2.0 
   2828.2  7.261    1.8 
   2830.0  7.272    1.8 
   2831.8  7.257    2.0 
   2833.8  7.246    1.8 
   2835.6  7.237    1.8 
   2837.4  7.244    2.0 
   2839.4  7.243    1.8 
   2841.2   7.24    1.8 
   2843.0  7.252    2.0 
   2845.0  7.262    1.8 
   2846.8  7.268    1.8 
   2848.6   7.26    2.0 
   2850.6  7.286    1.8 
   2852.4  7.315    2.0 
   2854.4  7.309    1.8 
   2856.2  7.303    1.8 
   2858.0  7.282    2.0 
   2860.0  7.282    1.8 
   2861.8  7.287    1.8 
   2863.6  7.288    2.0 
   2865.6  7.292    1.8 
   2867.4  7.289    1.8 
   2869.2  7.285    2.0 
   2871.2  7.281    1.8 
   2873.0  7.289    1.8 
   2874.8  7.296    2.0 
   2876.8  7.291    1.8 
   2878.6  7.299    1.8 
   2880.4  7.307    2.0 
   2882.4  7.308    1.8 
   2884.2   7.32    1.8 
   2886.0  7.315    2.0 
   2888.0  7.297    1.8 
   2889.8  7.293    1.8 
   2891.6    7.3    2.0 
   2893.6  7.308    1.8 
   2895.4  7.318    1.8 
   2897.2  7.315    2.0 
   2899.2  7.316    1.8 
   2901.0  7.325    2.0 
   2903.0  7.315    1.8 
   2904.8  7.314    1.8 
   2906.6   7.32    2.0 
   2908.6  7.336    1.8 
   2910.4  7.328    1.8 
   2912.2  7.325    2.0 
   2914.2  7.327    1.8 
   2916.0  7.341    1.8 
   2917.8  7.349    2.0 
   2919.8   7.34    1.8 
   2921.6   7.33    1.8 
   2923.4  7.333    2.0 
   2925.4  7.347    1.8 
   2927.2  7.352    1.8 
   2929.0  7.351    2.0 
   2931.0  7.335    1.8 
   2932.8  7.327    1.8 
   2934.6  7.343    2.0 
   2936.6  7.352    1.8 
   2938.4  7.333    1.8 
   2940.2  7.325    2.0 
   2942.2  7.325    1.8 
   2944.0  7.344    2.0 
   2946.0  7.354    1.8 
   2947.8  7.359    1.8 
   2949.6   7.36    2.0 
   2951.6  7.365    1.8 
   2953.4  7.349    1.8 
   2955.2  7.338    2.0 
   2957.2  7.333    1.8 
   2959.0  7.345    1.8 
   2960.8  7.356    2.0 
   2962.8  7.383    1.8 
   2964.6  7.388    1.8 
   2966.4  7.378    2.0 
   2968.4  7.344    1.8 
   2970.2  7.346    1.8 
   2972.0  7.344    2.0 
   2974.0  7.363    1.8 
   2975.8  7.357    1.8 
   2977.6  7.348    2.0 
   2979.6  7.332    1.8 
   2981.4  7.327    1.8 
   2983.2  7.334    2.0 
   2985.2  7.322    1.8 
   2987.0  7.318    1.8 
   2988.8  7.319    2.0 
   2990.8  7.335    1.8 
   2992.6  7.359    2.0 
   2994.6   7.39    1.8 
   2996.4  7.359    1.8 
   2998.2  7.331    2.0 
   3000.2  7.338    1.8 
   3002.0  7.346    1.8 
   3003.8  7.349    2.0 
   3005.8  7.353    1.8 
   3007.6  7.365    1.8 
   3009.4  7.353    2.0 
   3011.4  7.341    1.8 
   3013.2   7.35    1.8 
   3015.0   7.34    2.0 
   3017.0  7.321    1.8 
   3018.8  7.317    1.8 
   3020.6  7.323    2.0 
   3022.6  7.346    1.8 
   3024.4  7.361    1.8 
   3026.2  7.355    2.0 
   3028.2  7.342    1.8 
   3030.0  7.339    1.8 
   3031.8  7.329    2.0 
   3033.8  7.336    1.8 
   3035.6   7.34    1.8 
   3037.4   7.33    2.0 
   3039.4  7.315    1.8 
   3041.2   7.31    2.0 
   3043.2  7.301    1.8 
   3045.0  7.321    1.8 
   3046.8  7.333    2.0 
   3048.8  7.341    1.8 
   3050.6  7.362    1.8 
   3052.4  7.369    2.0 
   3054.4  7.357    1.8 
   3056.2  7.347    1.8 
   3058.0  7.351    2.0 
   3060.0   7.36    1.8 
   3061.8  7.396    1.8 
   3063.6  7.405    2.0 
   3065.6  7.385    1.8 
   3067.4   7.35    1.8 
   3069.2  7.344    2.0 
   3071.2  7.354    1.8 
   3073.0  7.363    1.8 
   3074.8   7.37    2.0 
   3076.8  7.372    1.8 
   3078.6  7.389    1.8 
   3080.4  7.404    2.0 
   3082.4  7.392    1.8 
   3084.2  7.368    2.0 
   3086.2  7.391    1.8 
   3088.0  7.405    1.8 
   3089.8  7.371    2.0 
   3091.8  7.348    1.8 
   3093.6  7.377    1.8 
   3095.4  7.411    2.0 
   3097.4  7.433    1.8 
   3099.2  7.415    1.8 
   3101.0  7.385    2.0 
   3103.0  7.373    1.8 
   3104.8  7.358    1.8 
   3106.6  7.351    2.0 
   3108.6  7.356    1.8 
   3110.4   7.37    1.8 
   3112.2  7.396    2.0 
   3114.2  7.415    1.8 
   3116.0  7.416    1.8 
   3117.8  7.383    2.0 
   3119.8  7.381    1.8 
   3121.6  7.376    1.8 
   3123.4  7.371    2.0 
   3125.4  7.394    1.8 
   3127.2  7.407    1.8 
   3129.0   7.38    2.0 
   3131.0  7.365    1.8 
   3132.8   7.37    2.0 
   3134.8  7.375    1.8 
   3136.6  7.384    1.8 
   3138.4  7.391    2.0 
   3140.4    7.4    1.8 
   3142.2  7.409    1.8 
   3144.0  7.414    2.0 
   3146.0  7.424    1.8 
   3147.8  7.412    1.8 
   3149.6  7.409    2.0 
   3151.6  7.389    1.8 
   3153.4  7.374    1.8 
   3155.2  7.374    2.0 
   3157.2  7.374    1.8 
   3159.0  7.381    1.8 
   3160.8  7.389    2.0 
   3162.8  7.409    1.8 
   3164.6  7.399    1.8 
   3166.4  7.394    2.0 
   3168.4    7.4    1.8 
   3170.2  7.415    1.8 
   3172.0  7.423    2.0 
   3174.0  7.434    1.8 
   3175.8  7.454    1.8 
   3177.6  7.459    2.0 
   3179.6  7.462    1.8 
   3181.4  7.446    2.0 
   3183.4  7.417    1.8 
   3185.2  7.409    1.8 
   3187.0  7.406    2.0 
   3189.0  7.393    1.8 
   3190.8  7.396    1.8 
   3192.6  7.393    2.0 
   3194.6  7.384    1.8 
   3196.4   7.39    1.8 
   3198.2  7.452    7.1 
   3205.3  7.482   5.35 
  3210.65  7.485   5.36 
  3216.01  7.487   5.37 
  3221.38  7.488   5.37 
  3226.75  7.489   5.39 
  3232.14   7.49   5.39 
  3237.53  7.492   5.41 
  3242.94  7.496   5.41 
  3248.35    7.5   5.42 
  3253.77  7.504   5.43 
   3259.2  7.508   5.44 
  3264.64  7.511   5.45 
  3270.09  7.513   5.46 
  3275.55  7.515   5.47 
  3281.02  7.517   5.48 
   3286.5  7.519   5.48 
  3291.98  7.522    5.5 
  3297.48  7.525    5.5 
  3302.98  7.527   5.52 
   3308.5   7.53   5.52 
  3314.02  7.533   5.53 
  3319.55  7.536   5.54 
  3325.09  7.539   5.55 
  3330.64  7.542   5.56 
   3336.2  7.545   5.57 
  3341.77  7.548   5.58 
  3347.35   7.55   5.58 
  3352.93  7.552    5.6 
  3358.53  7.554   5.61 
  3364.14  7.556   5.61 
  3369.75  7.558   5.63 
  3375.38  7.561   5.63 
  3381.01  7.563   5.65 
  3386.66  7.565   5.65 
  3392.31  7.568   5.66 
  3397.97  7.571   5.67 
  3403.64  7.573   5.68 
  3409.32  7.576   5.69 
  3415.01  7.579   5.71 
  3420.72  7.581   5.71 
  3426.43  7.583   5.72 
  3432.15  7.585   5.72 
  3437.87  7.588   5.74 
  3443.61   7.59   5.75 
  3449.36  7.592   5.76 
  3455.12  7.595   5.77 
  3460.89  7.597   5.77 
  3466.66    7.6   5.79 
  3472.45  7.602    5.8 
  3478.25  7.604    5.8 
  3484.05  7.607   5.82 
  3489.87  7.609   5.82 
  3495.69  7.612   5.84 
  3501.53  7.614   5.84 
  3507.37  7.617   5.86 
  3513.23   7.62   5.86 
  3519.09  7.622   5.88 
  3524.97  7.625   5.88 
  3530.85  7.627   5.89 
  3536.74   7.63   5.91 
  3542.65  7.633   5.91 
  3548.56  7.637   5.92 
  3554.48   7.64   5.94 
  3560.42  7.644   5.94 
  3566.36  7.647   5.95 
  3572.31   7.65   5.96 
  3578.27  7.653   5.98 
  3584.25  7.656   5.98 
  3590.23  7.659   5.99 
  3596.22  7.662   6.01 
  3602.23  7.664   6.01 
  3608.24  7.667   6.02 
  3614.26   7.67   6.03 
  3620.29  7.673   6.05 
  3626.34  7.676   6.05 
  3632.39  7.679   6.07 
  3638.46  7.681   6.07 
  3644.53  7.683   6.08 
  3650.61  7.684    6.1 
  3656.71  7.685    6.1 
  3662.81  7.687   6.11 
  3668.92   7.69   6.13 
  3675.05  7.693   6.13 
  3681.18  7.696   6.15 
  3687.33  7.699   6.15 
  3693.48  7.708   6.17 
  3699.65  7.717   6.17 
  3705.82  7.727   6.19 
  3712.01  7.736   6.19 
   3718.2  7.733   6.21 
  3724.41   7.73   6.22 
  3730.63  7.727   6.22 
  3736.85  7.724   6.24 
  3743.09  7.733   6.25 
  3749.34  7.743   6.26 
   3755.6  7.754   6.27 
  3761.87  7.764   6.28 
  3768.15  7.754   6.29 
  3774.44  7.744    6.3 
  3780.74  7.734   6.31 
  3787.05  7.724   6.32 
  3793.37   7.72   6.33 
   3799.7  7.716   6.34 
  3806.04  7.712   6.36 
   3812.4   7.71   6.36 
  3818.76  7.721   6.38 
  3825.14  7.733   6.38 
  3831.52  7.745    6.4 
  3837.92  7.753    6.4 
  3844.32  7.739   6.42 
  3850.74  7.724   6.43 
  3857.17   7.71   6.43 
   3863.6  7.705   6.45 
  3870.05  7.727   6.46 
  3876.51   7.75   6.47 
  3882.98  7.773   6.49 
  3889.47  7.781   6.49 
  3895.96  7.763    6.5 
  3902.46  7.745   6.52 
  3908.98  7.728   6.52 
   3915.5   7.72   6.54 
  3922.04  7.722   6.54 
  3928.58  7.724   6.56 
  3935.14  7.725   6.57 
  3941.71  7.742   6.58 
  3948.29  7.765   6.59 
  3954.88  7.789    6.6 
  3961.48  7.814   6.61 
  3968.09  7.801   6.63 
  3974.72  7.785   6.63 
  3981.35  7.769   6.65 
   3988.0  7.756   6.65 
  3994.65  7.757   6.67 
  4001.32  7.758   6.68 
   4008.0  7.759   6.69 
  4014.69  7.761    6.7 
  4021.39  7.766   6.71 
   4028.1   7.77   6.73 
  4034.83  7.775   6.73 
  4041.56  7.777   6.75 
  4048.31  7.779   6.76 
  4055.07   7.78   6.77 
  4061.84  7.781   6.78 
  4068.62   7.79   6.79 
  4075.41  7.799    6.8 
  4082.21  7.808   6.81 
  4089.02  7.819   6.83 
  4095.85  7.834   6.84 
  4102.69   7.85   6.85 
  4109.54  7.867   6.86 
   4116.4  7.862   6.87 
  4123.27  7.845   6.88 
  4130.15  7.828   6.89 
  4137.04  7.812   6.91 
  4143.95  7.814   6.92 
  4150.87  7.816   6.92 
  4157.79  7.818   6.94 
  4164.73  7.821   6.96 
  4171.69  7.824   6.96 
  4178.65  7.828   6.97 
  4185.62  7.831   6.99 
  4192.61  7.834    7.0 
  4199.61  7.837   7.01 
  4206.62   7.84   7.02 
  4213.64  7.843   7.03 
  4220.67  7.845   7.05 
  4227.72  7.848   7.06 
  4234.78  7.851   7.07 
  4241.85  7.854   7.08 
  4248.93  7.858   7.09 
  4256.02  7.862    7.1 
  4263.12  7.866   7.12 
  4270.24  7.869   7.13 
  4277.37  7.872   7.14 
  4284.51  7.875   7.15 
  4291.66  7.879   7.16 
  4298.82  7.883   7.18 
   4306.0  7.888   7.19 
  4313.19  7.895   7.19 
  4320.38  7.921   7.22 
   4327.6  7.947   7.22 
  4334.82  7.974   7.24 
  4342.06  7.968   7.24 
   4349.3  7.947   7.26 
  4356.56  7.927   7.28 
  4363.84  7.913   7.28 
  4371.12  7.915    7.3 
  4378.42  7.918   7.31 
  4385.73  7.921   7.31 
  4393.04  7.923   7.34 
  4400.38  7.925   7.34 
  4407.72  7.926   7.36 
  4415.08  7.929   7.37 
  4422.45  7.931   7.38 
  4429.83  7.934    7.4 
  4437.23  7.936    7.4 
  4444.63  7.941   7.42 
  4452.05  7.945   7.43 
  4459.48   7.95   7.45 
  4466.93  7.952   7.45 
  4474.38  7.953   7.47 
  4481.85  7.954   7.48 
  4489.33  7.956    7.5 
  4496.83  7.959    7.5 
  4504.33  7.962   7.52 
  4511.85  7.965   7.53 
  4519.38  7.969   7.55 
  4526.93  7.973   7.55 
  4534.48  7.977   7.57 
  4542.05   7.98   7.58 
  4549.63  7.982    7.6 
  4557.23  7.984   7.61 
  4564.84  7.986   7.62 
  4572.46  7.989   7.63 
  4580.09  7.992   7.64 
  4587.73  7.995   7.66 
  4595.39  7.998   7.67 
  4603.06  8.001   7.69 
  4610.75  8.005   7.69 
  4618.44  8.012   7.71 
  4626.15  8.021   7.72 
  4633.87  8.029   7.74 
  4641.61  8.034   7.74 
  4649.35  8.037   7.77 
  4657.12  8.039   7.77 
  4664.89  8.041   7.79 
  4672.68  8.043    7.8 
  4680.48  8.044   7.81 
  4688.29  8.046   7.83 
  4696.12  8.045   7.83 
  4703.95  8.045   7.86 
  4711.81  8.045   7.86 
  4719.67  8.047   7.88 
  4727.55  8.048   7.89 
  4735.44   8.05    7.9 
  4743.34  8.052   7.92 
  4751.26  8.055   7.93 
  4759.19  8.058   7.95 
  4767.14  8.061   7.95 
  4775.09  8.064   7.97 
  4783.06  8.068   7.99 
  4791.05  8.071    8.0 
  4799.05  8.075   8.01 
  4807.06  8.079   8.02 
  4815.08  8.082   8.04 
  4823.12  8.085   8.05 
  4831.17  8.089   8.06 
  4839.23  8.099   8.08 
  4847.31  8.126   8.09 
   4855.4  8.155   8.11 
  4863.51  8.174   8.11 
  4871.62  8.151   8.14 
  4879.76  8.129   8.14 
   4887.9   8.11   8.16 
  4896.06  8.114   8.17 
  4904.23  8.118   8.19 
  4912.42  8.122    8.2 
  4920.62  8.123   8.21 
  4928.83  8.125   8.23 
  4937.06  8.126   8.24 
   4945.3  8.129   8.26 
  4953.56  8.132   8.27 
  4961.83  8.135   8.28 
  4970.11  8.138   8.29 
   4978.4  8.141   8.31 
  4986.71  8.144   8.33 
  4995.04  8.148   8.34 
  5003.38  8.152   8.35 
  5011.73  8.157   8.36 
  5020.09  8.161   8.38 
  5028.47  8.164    8.4 
  5036.87  8.167    8.4 
  5045.27  8.169   8.42 
  5053.69  8.171   8.44 
  5062.13  8.173   8.45 
  5070.58  8.176   8.46 
  5079.04  8.178   8.48 
  5087.52  8.181   8.49 
  5096.01  8.185   8.51 
  5104.52  8.188   8.52 
  5113.04  8.191   8.54 
  5121.58  8.194   8.54 
  5130.12  8.197   8.57 
  5138.69    8.2   8.58 
  5147.27  8.203   8.59 
  5155.86  8.206    8.6 
  5164.46  8.209   8.62 
  5173.08  8.212   8.64 
  5181.72  8.215   8.65 
  5190.37  8.218   8.66 
  5199.03  8.222   8.68 
  5207.71  8.225   8.69 
   5216.4  8.228   8.71 
  5225.11  8.231   8.72 
  5233.83  8.234   8.74 
  5242.57  8.238   8.75 
  5251.32  8.241   8.76 
  5260.08  8.244   8.79 
  5268.87  8.247   8.79 
  5277.66   8.25   8.81 
  5286.47  8.253   8.82 
  5295.29  8.256   8.84 
  5304.13  8.259   8.86 
  5312.99  8.262   8.86 
  5321.85  8.265   8.89 
  5330.74  8.268    8.9 
  5339.64  8.271   8.91 
  5348.55  8.274   8.93 
  5357.48  8.277   8.94 
  5366.42   8.28   8.96 
  5375.38  8.284   8.97 
  5384.35  8.287   8.99 
  5393.34  8.291    9.0 
  5402.34  8.295   9.02 
  5411.36  8.299   9.03 
  5420.39  8.302   9.05 
  5429.44  8.306   9.06 
   5438.5  8.308   9.08 
  5447.58   8.31   9.09 
  5456.67  8.313   9.11 
  5465.78  8.315   9.12 
   5474.9  8.318   9.14 
  5484.04  8.321   9.16 
   5493.2  8.324   9.17 
  5502.37  8.327   9.18 
  5511.55   8.33    9.2 
  5520.75  8.334   9.22 
  5529.97  8.337   9.23 
   5539.2   8.34   9.24 
  5548.44  8.343   9.27 
  5557.71  8.347   9.27 
  5566.98   8.35   9.29 
  5576.27  8.353   9.31 
  5585.58  8.356   9.33 
  5594.91  8.359   9.34 
  5604.25  8.362   9.35 
   5613.6  8.365   9.37 
  5622.97  8.368   9.39 
  5632.36  8.371    9.4 
  5641.76  8.375   9.41 
  5651.17  8.379   9.44 
  5660.61  8.383   9.45 
  5670.06  8.386   9.46 
  5679.52   8.39   9.48 
   5689.0  8.392    9.5 
   5698.5  8.394   9.51 
  5708.01  8.397   9.53 
  5717.54  8.399   9.54 
  5727.08  8.402   9.56 
  5736.64  8.405   9.58 
  5746.22  8.408   9.59 
  5755.81  8.411   9.61 
  5765.42  8.414   9.62 
  5775.04  8.417   9.64 
  5784.68   8.42   9.66 
  5794.34  8.424   9.67 
  5804.01  8.427   9.69 
   5813.7  8.431    9.7 
   5823.4  8.435   9.72 
  5833.12  8.439   9.74 
  5842.86  8.443   9.75 
  5852.61  8.447   9.77 
  5862.38  8.452   9.79 
  5872.17  8.456    9.8 
  5881.97  8.459   9.82 
  5891.79   8.46   9.83 
  5901.62  8.462   9.85 
  5911.47  8.464   9.87 
  5921.34  8.466   9.88 
  5931.22  8.469    9.9 
  5941.12  8.472   9.92 
  5951.04  8.475   9.93 
  5960.97  8.479   9.95 
  5970.92  8.482   9.97 
  5980.89  8.485   9.98 
  5990.87  8.489   10.0 
  6000.87  8.493  10.02 
  6010.89  8.496  10.03 
  6020.92    8.5  10.05 
  6030.97  8.503  10.07 
  6041.04  8.506  10.08 
  6051.12  8.508  10.11 
  6061.23  8.511  10.11 
  6071.34  8.514  10.14 
  6081.48  8.517  10.15 
  6091.63   8.52  10.17 
   6101.8  8.524  10.18 
  6111.98  8.527  10.21 
  6122.19   8.53  10.21 
   6132.4  8.534  10.24 
  6142.64  8.536  10.25 
  6152.89  8.539  10.27 
  6163.16  8.542  10.29 
  6173.45  8.545  10.31 
  6183.76  8.549  10.32 
  6194.08  8.552  10.34 
  6204.42  8.555  10.35 
  6214.77  8.559  10.38 
  6225.15  8.562  10.39 
  6235.54  8.565  10.41 
  6245.95  8.569  10.42 
  6256.37  8.572  10.45 
  6266.82  8.576  10.46 
  6277.28  8.579  10.47 
  6287.75  8.582   10.5 
  6298.25  8.585  10.51 
  6308.76  8.587  10.53 
  6319.29   8.59  10.55 
  6329.84  8.593  10.57 
  6340.41  8.596  10.58 
  6350.99  8.599   10.6 
  6361.59  8.602  10.62 
  6372.21  8.605  10.64 
  6382.85  8.608  10.65 
   6393.5  8.612  10.67 
  6404.17  8.615   10.7 
  6414.87  8.618   10.7 
  6425.57  8.622  10.73 
   6436.3  8.625  10.74 
  6447.04  8.628  10.76 
   6457.8  8.631  10.78 
  6468.58  8.634   10.8 
  6479.38  8.638  10.82 
   6490.2  8.641  10.83 
  6501.03  8.645  10.85 
  6511.88  8.649  10.87 
  6522.75  8.652  10.89 
  6533.64  8.661   10.9 
  6544.54  8.672  10.93 
  6555.47  8.683  10.94 
  6566.41  8.694  10.96 
  6577.37  8.701  10.98 
  6588.35  8.696   11.0 
  6599.35  8.692  11.01 
  6610.36  8.687  11.04 
   6621.4  8.682  11.05 
  6632.45  8.684  11.07 
  6643.52  8.688  11.09 
  6654.61  8.693  11.11 
  6665.72  8.697  11.13 
  6676.85  8.702  11.14 
  6687.99  8.704  11.16 
  6699.15  8.706  11.19 
  6710.34  8.708   11.2 
  6721.54  8.711  11.22 
  6732.76  8.713  11.24 
   6744.0  8.716  11.25 
  6755.25  8.719  11.28 
  6766.53  8.722  11.29 
  6777.82  8.725  11.32 
  6789.14  8.728  11.33 
  6800.47  8.731  11.35 
  6811.82  8.734  11.37 
  6823.19  8.737  11.39 
  6834.58  8.741  11.41 
  6845.99  8.744  11.43 
  6857.42  8.748  11.44 
  6868.86  8.752  11.47 
  6880.33  8.755  11.48 
  6891.81  8.758  11.51 
  6903.32  8.761  11.52 
  6914.84  8.764  11.54 
  6926.38  8.767  11.56 
  6937.94   8.77  11.58 
  6949.52  8.773   11.6 
  6961.12  8.776  11.63 
  6972.75   8.78  11.63 
  6984.38  8.783  11.66 
  6996.04  8.786  11.68 
  7007.72  8.789   11.7 
  7019.42  8.792  11.71 
  7031.13  8.796  11.74 
  7042.87    8.8  11.76 
  7054.63  8.805  11.77 
   7066.4  8.809   11.8 
   7078.2  8.813  11.81 
  7090.01  8.816  11.84 
  7101.85  8.818  11.85 
   7113.7  8.821  11.88 
  7125.58  8.824  11.89 
  7137.47  8.827  11.91 
  7149.38  8.829  11.94 
  7161.32  8.833  11.95 
  7173.27  8.836  11.98 
  7185.25  8.839  11.99 
  7197.24  8.842  12.01 
  7209.25  8.846  12.04 
  7221.29  8.849  12.05 
  7233.34  8.853  12.08 
  7245.42  8.856  12.09 
  7257.51  8.859  12.11 
  7269.62  8.862  12.14 
  7281.76  8.865  12.15 
  7293.91  8.868  12.18 
  7306.09  8.871  12.19 
  7318.28  8.874  12.22 
   7330.5  8.878  12.23 
  7342.73  8.881  12.26 
  7354.99  8.884  12.28 
  7367.27  8.887   12.3 
  7379.57   8.89  12.31 
  7391.88  8.894  12.34 
  7404.22  8.897  12.36 
  7416.58    8.9  12.38 
  7428.96  8.904   12.4 
  7441.36  8.907  12.42 
  7453.78  8.911  12.45 
  7466.23  8.914  12.46 
  7478.69  8.917  12.48 
  7491.17  8.921  12.51 
  7503.68  8.924  12.52 
   7516.2  8.927  12.55 
  7528.75  8.931  12.56 
  7541.31  8.934  12.59 
   7553.9  8.938  12.61 
  7566.51  8.941  12.63 
  7579.14  8.944  12.65 
  7591.79  8.947  12.67 
  7604.46   8.95   12.7 
  7617.16  8.954  12.71 
  7629.87  8.957  12.74 
  7642.61   8.96  12.76 
  7655.37  8.963  12.78 
  7668.15  8.967  12.79 
  7680.94   8.97  12.83 
  7693.77  8.973  12.84 
  7706.61  8.976  12.86 
  7719.47  8.979  12.89 
  7732.36  8.983   12.9 
  7745.26  8.986  12.93 
  7758.19  8.989  12.95 
  7771.14  8.992  12.98 
  7784.12  8.996  12.99 
  7797.11  8.999  13.01 
  7810.12  9.002  13.04 
  7823.16  9.005  13.06 
  7836.22  9.009  13.08 
   7849.3  9.012   13.1 
   7862.4  9.015  13.12 
  7875.52  9.018  13.15 
  7888.67  9.022  13.17 
  7901.84  9.025  13.19 
  7915.03  9.028  13.21 
  7928.24  9.032  13.23 
  7941.47  9.035  13.26 
  7954.73  9.038  13.28 
  7968.01  9.041   13.3 
  7981.31  9.045  13.32 
  7994.63  9.048  13.35 
  8007.98  9.051  13.36 
  8021.34  9.054  13.39 
  8034.73  9.058  13.41 
  8048.14  9.061  13.44 
  8061.58  9.064  13.45 
  8075.03  9.068  13.48 
  8088.51  9.071  13.51 
  8102.02  9.075  13.52 
  8115.54  9.078  13.54 
  8129.08  9.082  13.57 
  8142.65  9.085   13.6 
  8156.25  9.088  13.61 
  8169.86  9.092  13.64 
   8183.5  9.095  13.66 
  8197.16  9.098  13.68 
  8210.84  9.101  13.71 
  8224.55  9.105  13.72 
  8238.27  9.108  13.76 
  8252.03  9.112  13.77 
   8265.8  9.115   13.8 
   8279.6  9.118  13.82 
  8293.42  9.121  13.84 
  8307.26  9.124  13.87 
  8321.13  9.127  13.89 
  8335.02   9.13  13.91 
  8348.93  9.133  13.94 
  8362.87  9.136  13.96 
  8376.83  9.139  13.98 
  8390.81  9.142  14.01 
  8404.82  9.146  14.02 
  8418.84  9.149  14.06 
   8432.9  9.152  14.07 
  8446.97  9.155   14.1 
  8461.07  9.159  14.13 
   8475.2  9.163  14.14 
  8489.34  9.167  14.17 
  8503.51  9.171   14.2 
  8517.71  9.175  14.22 
  8531.93  9.179  14.24 
  8546.17  9.183  14.26 
  8560.43  9.186  14.29 
  8574.72   9.19  14.32 
  8589.04  9.194  14.33 
  8603.37  9.197  14.36 
  8617.73  9.201  14.39 
  8632.12  9.205  14.41 
  8646.53  9.209  14.43 
  8660.96  9.212  14.46 
  8675.42  9.214  14.48 
   8689.9  9.217   14.5 
   8704.4   9.22  14.53 
  8718.93  9.223  14.56 
  8733.49  9.225  14.57 
  8748.06  9.228  14.61 
  8762.67  9.232  14.62 
  8777.29  9.235  14.66 
  8791.95  9.239  14.67 
  8806.62  9.243   14.7 
  8821.32  9.247  14.72 
  8836.04  9.251  14.75 
  8850.79  9.254  14.78 
  8865.57  9.255   14.8 
  8880.37  9.255  14.82 
  8895.19  9.255  14.85 
  8910.04  9.256  14.87 
  8924.91  9.256   14.9 
  8939.81  9.256  14.92 
  8954.73  9.258  14.95 
  8969.68  9.265  14.97 
  8984.65  9.271   15.0 
  8999.65  9.277  15.02 
  9014.67  9.283  15.05 
  9029.72   9.29  15.07 
  9044.79  9.296   15.1 
  9059.89  9.298  15.12 
  9075.01  9.299  15.15 
  9090.16  9.299  15.17 
  9105.33  9.299   15.2 
  9120.53  9.299  15.22 
  9135.75  9.299  15.25 
   9151.0  9.299  15.28 
  9166.28  9.307   15.3 
  9181.58  9.314  15.33 
  9196.91  9.321  15.35 
  9212.26  9.328  15.37 
  9227.63  9.336  15.41 
  9243.04  9.343  15.43 
  9258.47  9.347  15.45 
  9273.92  9.346  15.48 
   9289.4  9.346  15.51 
  9304.91  9.345  15.53 
  9320.44  9.345  15.56 
   9336.0  9.345  15.58 
  9351.58  9.345  15.61 
  9367.19  9.348  15.64 
  9382.83  9.351  15.66 
  9398.49  9.354  15.69 
  9414.18  9.357  15.71 
  9429.89   9.36  15.74 
  9445.63  9.364  15.77 
   9461.4   9.37  15.79 
  9477.19  9.377  15.82 
  9493.01  9.385  15.85 
  9508.86  9.392  15.87 
  9524.73    9.4   15.9 
  9540.63  9.408  15.92 
  9556.55  9.412  15.95 
   9572.5  9.411  15.98 
  9588.48   9.41  16.01 
  9604.49  9.409  16.03 
  9620.52  9.409  16.06 
  9636.58  9.408  16.08 
  9652.66  9.408  16.12 
  9668.78  9.411  16.14 
  9684.92  9.414  16.16 
  9701.08  9.417  16.19 
  9717.27  9.421  16.22 
  9733.49  9.424  16.25 
  9749.74  9.427  16.28 
  9766.02  9.431   16.3 
  9782.32  9.434  16.33 
  9798.65  9.438  16.35 
   9815.0  9.441  16.39 
  9831.39  9.444  16.41 
   9847.8  9.448  16.43 
  9864.23  9.451  16.47 
   9880.7  9.455  16.49 
  9897.19  9.458  16.52 
  9913.71  9.462  16.55 
  9930.26  9.465  16.58 
  9946.84  9.469   16.6 
  9963.44  9.476  16.63 
  9980.07  9.484  16.66 
  9996.73  9.492  16.69 
 10013.42    9.5  16.71 
 10030.13  9.508  16.74 
 10046.87  9.516  16.77 
 10063.64  9.517   16.8 
 10080.44  9.516  16.83 
 10097.27  9.516  16.85 
 10114.12  9.515  16.89 
 10131.01  9.514  16.91 
 10147.92  9.513  16.94 
 10164.86  9.516  16.96 
 10181.82  9.518   17.0 
 10198.82  9.521  17.02 
 10215.84  9.524  17.06 
  10232.9  9.527  17.08 
 10249.98  9.529  17.11 
 10267.09  9.533  17.13 
 10284.22  9.537  17.17 
 10301.39   9.54   17.2 
 10318.59  9.544  17.22 
 10335.81  9.548  17.25 
 10353.06  9.551  17.28 
 10370.34  9.554  17.31 
 10387.65  9.557  17.34 
 10404.99  9.561  17.37 
 10422.36  9.564   17.4 
 10439.76  9.567  17.42 
 10457.18   9.57  17.46 
 10474.64  9.573  17.48 
 10492.12  9.577  17.52 
 10509.64   9.58  17.54 
 10527.18  9.584  17.57 
 10544.75  9.587   17.6 
 10562.35  9.591  17.64 
 10579.99  9.594  17.66 
 10597.65  9.598  17.68 
 10615.33  9.601  17.72 
 10633.05  9.605  17.75 
  10650.8  9.608  17.78 
 10668.58  9.612  17.81 
 10686.39  9.615  17.84 
 10704.23  9.618  17.86 
 10722.09  9.621   17.9 
 10739.99  9.625  17.93 
 10757.92  9.628  17.96 
 10775.88  9.633  17.98 
 10793.86  9.637  18.02 
 10811.88  9.641  18.05 
 10829.93  9.645  18.08 
 10848.01  9.649   18.1 
 10866.11  9.657  18.14 
 10884.25  9.665  18.17 
 10902.42  9.674   18.2 
 10920.62  9.682  18.23 
 10938.85  9.691  18.26 
 10957.11  9.695  18.29 
  10975.4  9.693  18.32 
 10993.72  9.691  18.35 
 11012.07  9.689  18.38 
 11030.45  9.687  18.41 
 11048.86  9.685  18.44 
  11067.3  9.688  18.48 
 11085.78  9.691   18.5 
 11104.28  9.694  18.54 
 11122.82  9.697  18.56 
 11141.38    9.7   18.6 
 11159.98  9.704  18.63 
 11178.61  9.707  18.66 
 11197.27   9.71  18.69 
 11215.96  9.714  18.72 
 11234.68  9.717  18.75 
 11253.43   9.72  18.79 
 11272.22  9.724  18.81 
 11291.03  9.727  18.85 
 11309.88  9.731  18.88 
 11328.76  9.734  18.91 
 11347.67  9.738  18.94 
 11366.61  9.741  18.97 
 11385.58  9.744  19.01 
 11404.59  9.748  19.04 
 11423.63  9.751  19.07 
  11442.7  9.755   19.1 
  11461.8  9.758  19.13 
 11480.93  9.762  19.16 
 11500.09  9.765   19.2 
 11519.29  9.769  19.23 
 11538.52  9.772  19.26 
 11557.78  9.776  19.29 
 11577.07   9.78  19.32 
 11596.39  9.784  19.36 
 11615.75  9.788  19.39 
 11635.14  9.792  19.42 
 11654.56  9.795  19.45 
 11674.01  9.798  19.49 
  11693.5  9.801  19.52 
 11713.02  9.804  19.55 
 11732.57  9.807  19.59 
 11752.16  9.809  19.61 
 11771.77  9.813  19.65 
 11791.42  9.816  19.68 
  11811.1   9.82  19.72 
 11830.82  9.824  19.75 
 11850.57  9.827  19.78 
 11870.35  9.831  19.81 
 11890.16  9.835  19.85 
 11910.01  9.838  19.88 
 11929.89  9.842  19.91 
  11949.8  9.846  19.95 
 11969.75  9.849  19.98 
 11989.73  9.852  20.01 
 12009.74  9.855  20.01 
