    500.0     0.0   0.83 
   500.83     0.0   0.84 
   501.67     0.0   0.84 
   502.51     0.0   0.84 
   503.35     0.0   0.84 
   504.19     0.0   0.84 
   505.03     0.0   0.84 
   505.87     0.0   0.85 
   506.72     0.0   0.84 
   507.56     0.0   0.85 
   508.41     0.0   0.85 
   509.26     0.0   0.85 
   510.11     0.0   0.85 
   510.96     0.0   0.85 
   511.81     0.0   0.86 
   512.67     0.0   0.85 
   513.52     0.0   0.86 
   514.38     0.0   0.86 
   515.24     0.0   0.86 
    516.1     0.0   0.86 
   516.96     0.0   0.86 
   517.82     0.0   0.87 
   518.69     0.0   0.86 
   519.55     0.0   0.87 
   520.42     0.0   0.87 
   521.29     0.0   0.87 
   522.16     0.0   0.87 
   523.03     0.0   0.87 
    523.9     0.0   0.88 
   524.78     0.0   0.87 
   525.65     0.0   0.88 
   526.53     0.0   0.88 
   527.41     0.0   0.88 
   528.29     0.0   0.88 
   529.17     0.0   0.89 
   530.06     0.0   0.88 
   530.94     0.0   0.89 
   531.83     0.0   0.88 
   532.71     0.0   0.89 
    533.6     0.0   0.89 
   534.49     0.0    0.9 
   535.39     0.0   0.89 
   536.28     0.0    0.9 
   537.18     0.0   0.89 
   538.07     0.0    0.9 
   538.97     0.0    0.9 
   539.87     0.0    0.9 
   540.77     0.0    0.9 
   541.67   29.82   0.91 
   542.58  29.749    0.9 
   543.48  29.681   0.91 
   544.39  29.617   0.91 
    545.3  29.555   0.91 
   546.21  29.495   0.91 
   547.12  29.438   0.91 
   548.03  29.382   0.92 
   548.95  29.329   0.92 
   549.87  29.277   0.91 
   550.78  29.227   0.92 
    551.7  29.179   0.92 
   552.62  29.132   0.93 
   553.55  29.086   0.92 
   554.47  29.041   0.93 
    555.4  28.998   0.92 
   556.32  28.956   0.93 
   557.25  28.914   0.93 
   558.18  28.874   0.93 
   559.11  28.835   0.94 
   560.05  28.796   0.93 
   560.98  28.758   0.94 
   561.92  28.721   0.94 
   562.86  28.685   0.94 
    563.8   28.65   0.94 
   564.74  28.594   0.94 
   565.68  28.535   0.94 
   566.62  28.478   0.95 
   567.57  28.423   0.95 
   568.52   28.37   0.95 
   569.47  28.319   0.95 
   570.42  28.269   0.95 
   571.37  28.221   0.95 
   572.32  28.175   0.96 
   573.28  28.129   0.95 
   574.23  28.085   0.96 
   575.19  28.043   0.96 
   576.15  28.001   0.96 
   577.11   27.96   0.97 
   578.08   27.92   0.96 
   579.04  27.881   0.97 
   580.01  27.843   0.97 
   580.98  27.806   0.97 
   581.95   27.77   0.97 
   582.92  27.734   0.97 
   583.89  27.699   0.98 
   584.87  27.665   0.97 
   585.84  27.631   0.98 
   586.82  27.598   0.98 
    587.8  27.533   0.98 
   588.78  27.465   0.98 
   589.76  27.399   0.99 
   590.75  27.336   0.98 
   591.73  27.276   0.99 
   592.72  27.219   0.99 
   593.71  27.163   0.99 
    594.7   27.11    1.0 
    595.7  27.058   0.99 
   596.69  27.008    1.0 
   597.69   26.96   0.99 
   598.68  26.914    1.0 
   599.68  26.868    1.0 
   600.68  26.824   1.01 
   601.69  26.781    1.0 
   602.69   26.74   1.01 
    603.7  26.699    1.0 
    604.7  26.659   1.01 
   605.71  26.621   1.01 
   606.72  26.583   1.02 
   607.74  26.546   1.01 
   608.75   26.51   1.02 
   609.77  26.474   1.02 
   610.79   26.44   1.02 
   611.81  26.406   1.02 
   612.83   26.35   1.02 
   613.85  26.292   1.02 
   614.87  26.236   1.03 
    615.9  26.182   1.03 
   616.93   26.13   1.03 
   617.96   26.08   1.03 
   618.99  26.031   1.03 
   620.02  25.984   1.04 
   621.06  25.939   1.03 
   622.09  25.894   1.04 
   623.13  25.851   1.04 
   624.17   25.81   1.05 
   625.22  25.769   1.04 
   626.26  25.729   1.04 
    627.3  25.691   1.05 
   628.35  25.653   1.05 
    629.4  25.616   1.05 
   630.45   25.58   1.05 
    631.5  25.545   1.06 
   632.56   25.51   1.05 
   633.61  25.477   1.06 
   634.67  25.444   1.06 
   635.73  25.411   1.06 
   636.79  25.379   1.06 
   637.85  25.348   1.07 
   638.92  25.317   1.07 
   639.99  25.287   1.06 
   641.05  25.229   1.07 
   642.12  25.174   1.08 
    643.2   25.12   1.07 
   644.27  25.069   1.07 
   645.34  25.019   1.08 
   646.42  24.971   1.08 
    647.5  24.924   1.08 
   648.58  24.879   1.08 
   649.66  24.835   1.09 
   650.75  24.793   1.09 
   651.84  24.752   1.08 
   652.92  24.711   1.09 
   654.01  24.672   1.09 
    655.1  24.634    1.1 
    656.2  24.597   1.09 
   657.29  24.561    1.1 
   658.39  24.525    1.1 
   659.49   24.49    1.1 
   660.59  24.456    1.1 
   661.69  24.423   1.11 
    662.8   24.39    1.1 
    663.9  24.359   1.11 
   665.01  24.327   1.11 
   666.12  24.297   1.11 
   667.23  24.266   1.12 
   668.35  24.237   1.11 
   669.46  24.208   1.12 
   670.58  24.179   1.12 
    671.7  24.133   1.12 
   672.82  24.078   1.12 
   673.94  24.025   1.13 
   675.07  23.974   1.13 
    676.2  23.925   1.13 
   677.33  23.878   1.13 
   678.46  23.832   1.13 
   679.59  23.788   1.13 
   680.72  23.745   1.14 
   681.86  23.703   1.14 
    683.0  23.662   1.14 
   684.14  23.623   1.14 
   685.28  23.584   1.14 
   686.42  23.547   1.15 
   687.57   23.51   1.15 
   688.72  23.474   1.15 
   689.87   23.44   1.15 
   691.02  23.405   1.15 
   692.17  23.372   1.16 
   693.33   23.34   1.15 
   694.48  23.308   1.16 
   695.64  23.276   1.16 
    696.8  23.246   1.17 
   697.97  23.215   1.16 
   699.13  23.186   1.17 
    700.3  23.157   1.17 
   701.47  23.128   1.17 
   702.64    23.1   1.17 
   703.81  23.073   1.18 
   704.99  23.046   1.17 
   706.16  22.997   1.18 
   707.34   22.95   1.18 
   708.52  22.905   1.19 
   709.71  22.861   1.18 
   710.89  22.818   1.19 
   712.08  22.777   1.19 
   713.27  22.736   1.19 
   714.46  22.697   1.19 
   715.65  22.659   1.19 
   716.84  22.622    1.2 
   718.04  22.586    1.2 
   719.24  22.551    1.2 
   720.44  22.516    1.2 
   721.64  22.483   1.21 
   722.85   22.45    1.2 
   724.05  22.417   1.21 
   725.26  22.386   1.21 
   726.47  22.355   1.21 
   727.68  22.325   1.22 
    728.9  22.295   1.22 
   730.12  22.266   1.21 
   731.33  22.237   1.23 
   732.56  22.209   1.22 
   733.78  22.182   1.22 
    735.0  22.155   1.23 
   736.23  22.124   1.23 
   737.46  22.076   1.23 
   738.69   22.03   1.23 
   739.92  21.986   1.24 
   741.16  21.942   1.24 
    742.4  21.901   1.23 
   743.63   21.86   1.25 
   744.88  21.821   1.24 
   746.12  21.782   1.24 
   747.36  21.745   1.25 
   748.61  21.709   1.25 
   749.86  21.673   1.25 
   751.11  21.639   1.26 
   752.37  21.605   1.25 
   753.62  21.572   1.26 
   754.88   21.54   1.26 
   756.14  21.508   1.26 
    757.4  21.477   1.27 
   758.67  21.447   1.26 
   759.93  21.417   1.27 
    761.2  21.388   1.27 
   762.47   21.36   1.28 
   763.75  21.332   1.27 
   765.02  21.304   1.28 
    766.3  21.277   1.28 
   767.58  21.251   1.28 
   768.86  21.225   1.28 
   770.14  21.197   1.29 
   771.43  21.152   1.28 
   772.71  21.108   1.29 
    774.0  21.066    1.3 
    775.3  21.025   1.29 
   776.59  20.985    1.3 
   777.89  20.947   1.29 
   779.18  20.909   1.31 
   780.49  20.873    1.3 
   781.79  20.837    1.3 
   783.09  20.803   1.31 
    784.4  20.769   1.31 
   785.71  20.736   1.31 
   787.02  20.704   1.32 
   788.34  20.672   1.31 
   789.65  20.641   1.32 
   790.97  20.611   1.32 
   792.29  20.581   1.32 
   793.61  20.552   1.33 
   794.94  20.524   1.32 
   796.26  20.496   1.33 
   797.59  20.469   1.33 
   798.92  20.442   1.34 
   800.26  20.415   1.33 
   801.59  20.389   1.34 
   802.93  20.364   1.34 
   804.27  20.339   1.34 
   805.61  20.314   1.35 
   806.96   20.29   1.35 
   808.31  20.266   1.35 
   809.66  20.243   1.35 
   811.01  20.206   1.35 
   812.36  20.166   1.36 
   813.72  20.127   1.35 
   815.07  20.089   1.37 
   816.44  20.052   1.36 
    817.8  20.016   1.36 
   819.16  19.981   1.37 
   820.53  19.947   1.37 
    821.9  19.914   1.37 
   823.27  19.881   1.38 
   824.65   19.85   1.37 
   826.02  19.819   1.38 
    827.4  19.788   1.38 
   828.78  19.759   1.39 
   830.17   19.73   1.38 
   831.55  19.701   1.39 
   832.94  19.673   1.39 
   834.33  19.646   1.39 
   835.72  19.619    1.4 
   837.12  19.593    1.4 
   838.52  19.567   1.39 
   839.91  19.541   1.41 
   841.32  19.516    1.4 
   842.72  19.492   1.41 
   844.13  19.468   1.41 
   845.54  19.444   1.41 
   846.95  19.421   1.41 
   848.36  19.398   1.42 
   849.78  19.375   1.42 
    851.2  19.338   1.42 
   852.62    19.3   1.42 
   854.04  19.262   1.43 
   855.47  19.226   1.42 
   856.89  19.191   1.43 
   858.32  19.156   1.44 
   859.76  19.123   1.43 
   861.19   19.09   1.44 
   862.63  19.058   1.44 
   864.07  19.027   1.44 
   865.51  18.997   1.45 
   866.96  18.967   1.44 
    868.4  18.938   1.45 
   869.85  18.909   1.46 
   871.31  18.881   1.45 
   872.76  18.854   1.46 
   874.22  18.827   1.46 
   875.68    18.8   1.46 
   877.14  18.774   1.46 
    878.6  18.749   1.47 
   880.07  18.724   1.47 
   881.54  18.699   1.47 
   883.01  18.675   1.47 
   884.48  18.651   1.48 
   885.96  18.628   1.48 
   887.44  18.605   1.48 
   888.92  18.583   1.48 
    890.4  18.184   1.49 
   891.89  17.388   1.49 
   893.38  16.933   1.49 
   894.87  16.612   1.49 
   896.36  16.364    1.5 
   897.86  16.161    1.5 
   899.36  15.989    1.5 
   900.86  15.839    1.5 
   902.36  15.707   1.51 
   903.87  15.589   1.51 
   905.38  15.482   1.51 
   906.89  15.384   1.51 
    908.4  15.294   1.52 
   909.92   15.21   1.52 
   911.44  15.131   1.52 
   912.96  15.058   1.52 
   914.48  14.989   1.53 
   916.01  14.923   1.53 
   917.54  14.861   1.53 
   919.07  14.803   1.53 
    920.6  13.932   1.54 
   922.14  12.996   1.54 
   923.68  12.498   1.54 
   925.22  12.157   1.55 
   926.77  11.896   1.54 
   928.31  11.685   1.55 
   929.86  11.508   1.56 
   931.42  11.354   1.55 
   932.97  11.219   1.56 
   934.53  11.099   1.56 
   936.09   10.99   1.56 
   937.65   10.89   1.56 
   939.21  10.798   1.57 
   940.78  10.682   1.57 
   942.35   10.55   1.58 
   943.93  10.432   1.57 
    945.5  10.326   1.58 
   947.08  10.229   1.58 
   948.66   10.14   1.58 
   950.24  10.057   1.59 
   951.83    9.98   1.59 
   953.42   9.908   1.59 
   955.01    9.84   1.59 
    956.6   9.775    1.6 
    958.2   9.715    1.6 
    959.8   9.657    1.6 
    961.4   9.601   1.61 
   963.01   9.543   1.61 
   964.62   9.484   1.61 
   966.23   9.428   1.61 
   967.84   9.375   1.61 
   969.45   9.324   1.62 
   971.07   9.275   1.62 
   972.69   9.228   1.63 
   974.32   9.183   1.62 
   975.94    9.14   1.63 
   977.57   9.098   1.63 
    979.2   9.057   1.64 
   980.84   9.018   1.64 
   982.48    8.98   1.64 
   984.12   8.943   1.64 
   985.76   8.907   1.64 
    987.4   8.876   1.65 
   989.05   8.858   1.65 
    990.7   8.839   1.66 
   992.36   8.821   1.65 
   994.01   8.803   1.66 
   995.67   8.785   1.66 
   997.33   8.768   1.67 
    999.0    8.75   1.67 
  1000.67   8.733   1.67 
  1002.34   8.716   1.67 
  1004.01     8.7   1.68 
  1005.69   8.683   1.67 
  1007.36   8.667   1.69 
  1009.05    8.65   1.68 
  1010.73   8.635   1.69 
  1012.42   8.617   1.69 
  1014.11   8.596   1.69 
   1015.8   8.575    1.7 
   1017.5   8.554   1.69 
  1019.19   8.534   1.71 
   1020.9   8.514    1.7 
   1022.6   8.494   1.71 
  1024.31   8.475   1.71 
  1026.02   8.455   1.71 
  1027.73   8.436   1.71 
  1029.44   8.418   1.72 
  1031.16   8.399   1.72 
  1032.88   8.381   1.73 
  1034.61   8.363   1.72 
  1036.33   8.345   1.73 
  1038.06   8.321   1.74 
   1039.8   8.292   1.73 
  1041.53   8.264   1.74 
  1043.27   8.236   1.74 
  1045.01   8.209   1.75 
  1046.76   8.183   1.75 
  1048.51   8.157   1.75 
  1050.26   8.132   1.75 
  1052.01   8.107   1.75 
  1053.76   8.083   1.76 
  1055.52   8.059   1.77 
  1057.29   8.036   1.76 
  1059.05   8.013   1.77 
  1060.82    7.99   1.77 
  1062.59   7.978   1.77 
  1064.36   7.987   1.78 
  1066.14   7.995   1.78 
  1067.92   8.004   1.78 
   1069.7   8.012   1.79 
  1071.49   8.021   1.79 
  1073.28    8.03   1.79 
  1075.07   8.039   1.79 
  1076.86   8.049    1.8 
  1078.66   8.058    1.8 
  1080.46   8.068    1.8 
  1082.26   8.077   1.81 
  1084.07   8.087   1.81 
  1085.88   8.097   1.81 
  1087.69   8.088   1.82 
  1089.51    8.05   1.81 
  1091.32   8.013   1.83 
  1093.15   7.977   1.82 
  1094.97   7.942   1.83 
   1096.8   7.908   1.83 
  1098.63   7.875   1.83 
  1100.46   7.843   1.84 
   1102.3   7.811   1.84 
  1104.14   7.781   1.84 
  1105.98   7.751   1.85 
  1107.83   7.722   1.85 
  1109.68   7.694   1.85 
  1111.53   7.666   1.86 
  1113.39   7.647   1.85 
  1115.24    7.63   1.87 
  1117.11   7.613   1.86 
  1118.97   7.597   1.87 
  1120.84   7.581   1.87 
  1122.71   7.565   1.87 
  1124.58   7.549   1.88 
  1126.46   7.533   1.88 
  1128.34   7.518   1.88 
  1130.22   7.502   1.89 
  1132.11   7.487   1.89 
   1134.0   7.472    1.9 
   1135.9   7.457   1.89 
  1137.79   7.444    1.9 
  1139.69   7.432    1.9 
  1141.59   7.421   1.91 
   1143.5   7.409   1.91 
  1145.41   7.398   1.91 
  1147.32   7.387   1.91 
  1149.23   7.376   1.92 
  1151.15   7.365   1.92 
  1153.07   7.354   1.93 
   1155.0   7.343    0.8 
   1155.8   7.349    1.2 
   1157.0   7.298    1.0 
   1158.0   7.363    1.2 
   1159.2   7.343    1.2 
   1160.4   7.322    1.2 
   1161.6   7.281    1.2 
   1162.8   7.296    1.2 
   1164.0   7.305    1.2 
   1165.2   7.328    1.2 
   1166.4   7.339    1.2 
   1167.6   7.298    1.2 
   1168.8   7.304    1.0 
   1169.8   7.343    1.2 
   1171.0   7.417    1.2 
   1172.2   7.462    1.2 
   1173.4   7.529    1.2 
   1174.6   7.557    1.2 
   1175.8   7.485    1.2 
   1177.0   7.419    1.2 
   1178.2   7.374    1.2 
   1179.4   7.305    1.0 
   1180.4   7.253    1.2 
   1181.6   7.206    1.2 
   1182.8   7.178    1.2 
   1184.0   7.175    1.2 
   1185.2   7.209    1.2 
   1186.4   7.261    1.2 
   1187.6   7.303    1.2 
   1188.8   7.379    1.2 
   1190.0   7.436    1.2 
   1191.2   7.435    1.0 
   1192.2    7.46    1.2 
   1193.4   7.551    1.2 
   1194.6   7.569    1.2 
   1195.8   7.567    1.2 
   1197.0   7.593    1.2 
   1198.2   7.665    1.2 
   1199.4    7.79    1.2 
   1200.6   7.939    1.2 
   1201.8   8.105    1.2 
   1203.0   8.352    1.0 
   1204.0   8.641    1.2 
   1205.2   8.967    1.2 
   1206.4   9.213    1.2 
   1207.6   9.308    1.2 
   1208.8   9.496    1.2 
   1210.0   9.667    1.2 
   1211.2   9.807    1.2 
   1212.4   9.992    1.2 
   1213.6  10.075    1.2 
   1214.8  10.067    1.0 
   1215.8    9.91    1.2 
   1217.0   9.592    1.2 
   1218.2   9.327    1.2 
   1219.4   8.917    1.2 
   1220.6   8.593    1.2 
   1221.8    8.32    1.2 
   1223.0   8.069    1.2 
   1224.2   7.918    1.2 
   1225.4   7.805    1.2 
   1226.6   7.717    1.0 
   1227.6   7.643    1.2 
   1228.8   7.561    1.2 
   1230.0   7.493    1.2 
   1231.2   7.437    1.2 
   1232.4   7.378    1.2 
   1233.6   7.339    1.2 
   1234.8   7.283    1.2 
   1236.0   7.214    1.2 
   1237.2   7.175    1.2 
   1238.4    7.14    1.0 
   1239.4   7.109    1.2 
   1240.6   7.089    1.2 
   1241.8   7.094    1.2 
   1243.0   7.084    1.2 
   1244.2   7.119    1.2 
   1245.4   7.135    1.2 
   1246.6   7.148    1.2 
   1247.8   7.172    1.2 
   1249.0   7.163    1.2 
   1250.2   7.149    1.0 
   1251.2   7.135    1.2 
   1252.4   7.097    1.2 
   1253.6   7.079    1.2 
   1254.8   7.094    1.2 
   1256.0   7.122    1.2 
   1257.2   7.183    1.2 
   1258.4   7.249    1.2 
   1259.6   7.274    1.2 
   1260.8   7.251    1.2 
   1262.0   7.268    1.0 
   1263.0   7.263    1.2 
   1264.2    7.23    1.2 
   1265.4   7.198    1.2 
   1266.6   7.123    1.2 
   1267.8   7.079    1.2 
   1269.0   7.059    1.2 
   1270.2    7.04    1.2 
   1271.4   7.056    1.2 
   1272.6   7.057    1.0 
   1273.6   7.057    1.2 
   1274.8   7.076    1.2 
   1276.0   7.104    1.2 
   1277.2   7.083    1.2 
   1278.4   7.047    1.2 
   1279.6   7.009    1.2 
   1280.8   7.003    1.2 
   1282.0   6.986    1.2 
   1283.2   6.998    1.2 
   1284.4   6.994    1.0 
   1285.4   7.001    1.2 
   1286.6   7.015    1.2 
   1287.8   7.034    1.2 
   1289.0   7.045    1.2 
   1290.2   7.089    1.2 
   1291.4   7.136    1.2 
   1292.6   7.163    1.2 
   1293.8   7.237    1.2 
   1295.0   7.277    1.2 
   1296.2   7.325    1.0 
   1297.2    7.35    1.2 
   1298.4   7.389    1.2 
   1299.6   7.424    1.2 
   1300.8   7.428    1.2 
   1302.0   7.439    1.2 
   1303.2   7.459    1.2 
   1304.4   7.436    1.2 
   1305.6   7.394    1.2 
   1306.8   7.325    1.2 
   1308.0   7.276    1.0 
   1309.0   7.238    1.2 
   1310.2   7.158    1.2 
   1311.4   7.096    1.2 
   1312.6   7.017    1.2 
   1313.8   6.991    1.2 
   1315.0   6.974    1.2 
   1316.2   6.948    1.2 
   1317.4   6.949    1.2 
   1318.6   6.953    1.2 
   1319.8   6.967    1.0 
   1320.8   6.995    1.2 
   1322.0   6.996    1.2 
   1323.2   7.006    1.2 
   1324.4   7.037    1.2 
   1325.6   7.031    1.2 
   1326.8   7.061    1.2 
   1328.0    7.06    1.2 
   1329.2   7.091    1.2 
   1330.4   7.136    1.2 
   1331.6    7.21    1.0 
   1332.6   7.265    1.2 
   1333.8    7.34    1.2 
   1335.0   7.341    1.2 
   1336.2   7.237    1.2 
   1337.4   7.117    1.2 
   1338.6   7.047    1.2 
   1339.8    7.03    1.2 
   1341.0   7.029    1.2 
   1342.2   7.025    1.2 
   1343.4    7.01    1.0 
   1344.4   7.001    1.2 
   1345.6   7.008    1.2 
   1346.8   7.003    1.2 
   1348.0   6.995    1.2 
   1349.2   7.008    1.2 
   1350.4   7.016    1.2 
   1351.6   7.002    1.2 
   1352.8   7.008    1.2 
   1354.0   7.006    1.2 
   1355.2    6.99    1.0 
   1356.2   6.992    1.2 
   1357.4   6.991    1.2 
   1358.6   6.997    1.2 
   1359.8   7.026    1.2 
   1361.0   7.038    1.2 
   1362.2   7.059    1.2 
   1363.4   7.075    1.2 
   1364.6   7.074    1.2 
   1365.8   7.068    1.0 
   1366.8    7.08    1.2 
   1368.0   7.093    1.2 
   1369.2    7.08    1.2 
   1370.4   7.074    1.2 
   1371.6    7.07    1.2 
   1372.8   7.056    1.2 
   1374.0   7.073    1.2 
   1375.2   7.079    1.2 
   1376.4   7.076    1.2 
   1377.6   7.083    1.0 
   1378.6   7.112    1.2 
   1379.8   7.095    1.2 
   1381.0   7.084    1.2 
   1382.2   7.103    1.2 
   1383.4    7.12    1.2 
   1384.6   7.098    1.2 
   1385.8   7.105    1.2 
   1387.0   7.102    1.2 
   1388.2   7.118    1.2 
   1389.4    7.15    1.0 
   1390.4   7.192    1.2 
   1391.6   7.235    1.2 
   1392.8   7.284    1.2 
   1394.0   7.264    1.2 
   1395.2   7.232    1.2 
   1396.4   7.214    1.2 
   1397.6   7.152    1.2 
   1398.8   7.133    1.2 
   1400.0   7.155    1.2 
   1401.2   7.175    1.0 
   1402.2   7.199    1.2 
   1403.4   7.183    1.2 
   1404.6   7.146    1.2 
   1405.8   7.124    1.2 
   1407.0   7.139    1.2 
   1408.2   7.146    1.2 
   1409.4   7.146    1.2 
   1410.6   7.148    1.2 
   1411.8    7.14    1.2 
   1413.0   7.138    1.0 
   1414.0   7.148    1.2 
   1415.2    7.15    1.2 
   1416.4    7.15    1.2 
   1417.6   7.153    1.2 
   1418.8   7.141    1.2 
   1420.0   7.134    1.2 
   1421.2    7.11    1.2 
   1422.4   7.101    1.2 
   1423.6   7.094    1.2 
   1424.8   7.088    1.0 
   1425.8   7.066    1.2 
   1427.0   7.076    1.2 
   1428.2   7.072    1.2 
   1429.4   7.062    1.2 
   1430.6   7.075    1.2 
   1431.8   7.072    1.2 
   1433.0    7.08    1.2 
   1434.2   7.101    1.2 
   1435.4   7.081    1.2 
   1436.6   7.066    1.0 
   1437.6   7.052    1.2 
   1438.8   7.031    1.2 
   1440.0   7.022    1.2 
   1441.2    7.02    1.2 
   1442.4    7.01    1.2 
   1443.6   7.017    1.2 
   1444.8   7.027    1.2 
   1446.0   7.021    1.2 
   1447.2   7.003    1.2 
   1448.4   7.006    1.0 
   1449.4     7.0    1.2 
   1450.6   6.994    1.2 
   1451.8   7.003    1.2 
   1453.0   6.996    1.2 
   1454.2   6.997    1.2 
   1455.4    6.99    1.2 
   1456.6    6.98    1.2 
   1457.8   6.988    1.2 
   1459.0   6.979    1.0 
   1460.0   6.975    1.2 
   1461.2   6.986    1.2 
   1462.4   6.992    1.2 
   1463.6   7.012    1.2 
   1464.8   7.017    1.2 
   1466.0   7.014    1.2 
   1467.2   7.019    1.2 
   1468.4   7.027    1.2 
   1469.6   7.028    1.2 
   1470.8   7.013    1.0 
   1471.8   7.021    1.2 
   1473.0   7.016    1.2 
   1474.2   7.012    1.2 
   1475.4    7.02    1.2 
   1476.6   7.003    1.2 
   1477.8   6.982    1.2 
   1479.0   6.982    1.2 
   1480.2    6.97    1.2 
   1481.4   6.982    1.2 
   1482.6   7.014    1.0 
   1483.6   7.017    1.2 
   1484.8    7.02    1.2 
   1486.0   6.995    1.2 
   1487.2   6.965    1.2 
   1488.4   6.955    1.2 
   1489.6   6.957    1.2 
   1490.8   6.963    1.2 
   1492.0   6.982    1.2 
   1493.2   7.001    1.2 
   1494.4     7.0    1.0 
   1495.4   6.987    1.2 
   1496.6   6.981    1.2 
   1497.8   6.997    1.2 
   1499.0   7.025    1.2 
   1500.2   7.035    1.2 
   1501.4   7.043    1.2 
   1502.6   7.047    1.2 
   1503.8   7.036    1.2 
   1505.0   7.029    1.2 
   1506.2   7.036    1.0 
   1507.2   7.032    1.2 
   1508.4   7.028    1.2 
   1509.6   7.052    1.2 
   1510.8   7.069    1.2 
   1512.0   7.071    1.2 
   1513.2   7.083    1.2 
   1514.4   7.086    1.2 
   1515.6   7.074    1.2 
   1516.8   7.065    1.2 
   1518.0   7.057    1.0 
   1519.0   7.036    1.2 
   1520.2   7.028    1.2 
   1521.4   7.021    1.2 
   1522.6   6.997    1.2 
   1523.8   7.033    1.2 
   1525.0   7.069    1.2 
   1526.2   7.111    1.2 
   1527.4   7.119    1.2 
   1528.6   7.135    1.2 
   1529.8   7.128    1.0 
   1530.8   7.149    1.2 
   1532.0   7.149    1.2 
   1533.2   7.148    1.2 
   1534.4   7.134    1.2 
   1535.6   7.135    1.2 
   1536.8   7.134    1.2 
   1538.0   7.127    1.2 
   1539.2   7.115    1.2 
   1540.4    7.11    1.0 
   1541.4   7.108    1.2 
   1542.6    7.09    1.2 
   1543.8   7.098    1.2 
   1545.0   7.121    1.2 
   1546.2   7.119    1.2 
   1547.4   7.126    1.2 
   1548.6   7.152    1.2 
   1549.8   7.151    1.2 
   1551.0   7.126    1.2 
   1552.2   7.115    1.0 
   1553.2   7.098    1.2 
   1554.4   7.092    1.2 
   1555.6   7.087    1.2 
   1556.8   7.083    1.2 
   1558.0   7.092    1.2 
   1559.2   7.119    1.2 
   1560.4   7.121    1.2 
   1561.6   7.117    1.2 
   1562.8   7.147    1.2 
   1564.0    7.13    1.0 
   1565.0     7.1    1.2 
   1566.2   7.078    1.2 
   1567.4   7.086    1.2 
   1568.6   7.096    1.2 
   1569.8   7.086    1.2 
   1571.0   7.083    1.2 
   1572.2   7.085    1.2 
   1573.4   7.071    1.2 
   1574.6   7.075    1.2 
   1575.8   7.069    1.0 
   1576.8   7.059    1.2 
   1578.0   7.077    1.2 
   1579.2   7.086    1.2 
   1580.4   7.076    1.2 
   1581.6   7.068    1.2 
   1582.8   7.051    1.2 
   1584.0   7.043    1.2 
   1585.2   7.035    1.2 
   1586.4   7.037    1.2 
   1587.6   7.016    1.0 
   1588.6   7.011    1.2 
   1589.8   7.016    1.2 
   1591.0   7.038    1.2 
   1592.2   7.051    1.2 
   1593.4    7.06    1.2 
   1594.6    7.07    1.2 
   1595.8   7.066    1.2 
   1597.0   7.062    1.2 
   1598.2   7.052    1.2 
   1599.4   7.046    1.0 
   1600.4   7.066    1.2 
   1601.6   7.098    1.2 
   1602.8   7.096    1.2 
   1604.0   7.101    1.2 
   1605.2   7.102    1.2 
   1606.4   7.099    1.2 
   1607.6   7.113    1.2 
   1608.8   7.121    1.2 
   1610.0   7.115    1.2 
   1611.2   7.107    1.0 
   1612.2   7.093    1.2 
   1613.4   7.082    1.2 
   1614.6   7.059    1.2 
   1615.8   7.048    1.2 
   1617.0   7.049    1.2 
   1618.2   7.044    1.2 
   1619.4   7.042    1.2 
   1620.6   7.053    1.2 
   1621.8   7.068    1.2 
   1623.0   7.067    1.0 
   1624.0   7.048    1.2 
   1625.2   7.053    1.2 
   1626.4   7.051    1.2 
   1627.6    7.03    1.2 
   1628.8   7.045    1.2 
   1630.0   7.051    1.2 
   1631.2   7.047    1.2 
   1632.4    7.04    1.2 
   1633.6   7.044    1.0 
   1634.6   7.049    1.2 
   1635.8   7.056    1.2 
   1637.0   7.055    1.2 
   1638.2   7.035    1.2 
   1639.4   7.048    1.2 
   1640.6   7.046    1.2 
   1641.8   7.048    1.2 
   1643.0   7.048    1.2 
   1644.2   7.028    1.2 
   1645.4   7.012    1.0 
   1646.4    7.01    1.2 
   1647.6   7.014    1.2 
   1648.8   7.017    1.2 
   1650.0   7.024    1.2 
   1651.2   7.033    1.2 
   1652.4   7.031    1.2 
   1653.6   7.033    1.2 
   1654.8   7.045    1.2 
   1656.0   7.047    1.2 
   1657.2   7.049    1.0 
   1658.2   7.061    1.2 
   1659.4    7.04    1.2 
   1660.6   7.033    1.2 
   1661.8   7.011    1.2 
   1663.0   7.028    1.2 
   1664.2   7.023    1.2 
   1665.4   7.023    1.2 
   1666.6   7.032    1.2 
   1667.8    7.02    1.2 
   1669.0   7.038    1.0 
   1670.0   7.048    1.2 
   1671.2   7.043    1.2 
   1672.4   7.051    1.2 
   1673.6    7.05    1.2 
   1674.8    7.04    1.2 
   1676.0   7.034    1.2 
   1677.2   7.016    1.2 
   1678.4   7.001    1.2 
   1679.6   7.002    1.2 
   1680.8   6.995    1.0 
   1681.8   6.992    1.2 
   1683.0   6.989    1.2 
   1684.2    6.99    1.2 
   1685.4   6.993    1.2 
   1686.6   7.001    1.2 
   1687.8   6.983    1.2 
   1689.0   6.985    1.2 
   1690.2   6.998    1.2 
   1691.4   7.002    1.2 
   1692.6   7.003    1.0 
   1693.6   7.001    1.2 
   1694.8   6.991    1.2 
   1696.0   6.997    1.2 
   1697.2   6.998    1.2 
   1698.4   6.999    1.2 
   1699.6   6.994    1.2 
   1700.8   6.998    1.2 
   1702.0    7.01    1.2 
   1703.2   7.025    1.2 
   1704.4   7.032    1.0 
   1705.4   7.036    1.2 
   1706.6   7.043    1.2 
   1707.8   7.065    1.2 
   1709.0   7.071    1.2 
   1710.2   7.071    1.2 
   1711.4   7.067    1.2 
   1712.6   7.058    1.2 
   1713.8   7.054    1.2 
   1715.0   7.057    1.2 
   1716.2   7.071    1.0 
   1717.2   7.088    1.2 
   1718.4    7.09    1.2 
   1719.6   7.114    1.2 
   1720.8   7.127    1.2 
   1722.0   7.129    1.2 
   1723.2   7.138    1.2 
   1724.4   7.109    1.2 
   1725.6   7.082    1.2 
   1726.8   7.062    1.0 
   1727.8   7.029    1.2 
   1729.0    7.02    1.2 
   1730.2   7.013    1.2 
   1731.4   7.008    1.2 
   1732.6   7.013    1.2 
   1733.8   7.008    1.2 
   1735.0   7.002    1.2 
   1736.2   6.997    1.2 
   1737.4   7.007    1.2 
   1738.6   7.017    1.0 
   1739.6   7.013    1.2 
   1740.8   7.013    1.2 
   1742.0   7.019    1.2 
   1743.2   7.016    1.2 
   1744.4   7.013    1.2 
   1745.6   7.017    1.2 
   1746.8   7.017    1.2 
   1748.0   7.034    1.2 
   1749.2   7.046    1.2 
   1750.4   7.038    1.0 
   1751.4   7.023    1.2 
   1752.6   6.997    1.2 
   1753.8   6.982    1.2 
   1755.0    6.98    1.2 
   1756.2   6.987    1.2 
   1757.4   6.991    1.2 
   1758.6   6.989    1.2 
   1759.8   7.014    1.2 
   1761.0   7.033    1.2 
   1762.2   7.027    1.0 
   1763.2   7.025    1.2 
   1764.4   7.015    1.2 
   1765.6   7.002    1.2 
   1766.8   6.989    1.2 
   1768.0    6.98    1.2 
   1769.2   6.994    1.2 
   1770.4   7.006    1.2 
   1771.6    7.01    1.2 
   1772.8    7.02    1.2 
   1774.0   7.026    1.0 
   1775.0   7.028    1.2 
   1776.2   7.023    1.2 
   1777.4   7.009    1.2 
   1778.6   6.993    1.2 
   1779.8   6.984    1.2 
   1781.0   6.982    1.2 
   1782.2   6.977    1.2 
   1783.4    6.97    1.2 
   1784.6    6.98    1.2 
   1785.8   6.997    1.0 
   1786.8   7.007    1.2 
   1788.0   7.011    1.2 
   1789.2   7.021    1.2 
   1790.4   6.997    1.2 
   1791.6   6.981    1.2 
   1792.8   6.963    1.2 
   1794.0   6.947    1.2 
   1795.2   6.964    1.2 
   1796.4   6.961    1.2 
   1797.6   6.958    1.0 
   1798.6   6.952    1.2 
   1799.8   6.947    1.2 
   1801.0   6.943    1.2 
   1802.2   6.948    1.2 
   1803.4   6.941    1.2 
   1804.6   6.954    1.2 
   1805.8   6.962    1.2 
   1807.0    6.97    1.2 
   1808.2   6.971    1.2 
   1809.4   6.972    1.0 
   1810.4   6.973    1.2 
   1811.6    6.98    1.2 
   1812.8   6.991    1.2 
   1814.0   6.988    1.2 
   1815.2    6.99    1.2 
   1816.4   6.994    1.2 
   1817.6   6.993    1.2 
   1818.8   6.989    1.2 
   1820.0   6.985    1.0 
   1821.0   6.983    1.2 
   1822.2   6.976    1.2 
   1823.4   6.986    1.2 
   1824.6   6.982    1.2 
   1825.8   6.979    1.2 
   1827.0   6.984    1.2 
   1828.2   6.995    1.2 
   1829.4     7.0    1.2 
   1830.6   7.004    1.2 
   1831.8   7.008    1.0 
   1832.8   7.011    1.2 
   1834.0    7.01    1.2 
   1835.2   7.013    1.2 
   1836.4   7.018    1.2 
   1837.6   7.011    1.2 
   1838.8    7.02    1.2 
   1840.0    7.04    1.2 
   1841.2   7.052    1.2 
   1842.4   7.055    1.2 
   1843.6   7.061    1.0 
   1844.6   7.066    1.2 
   1845.8   7.065    1.2 
   1847.0    7.07    1.2 
   1848.2   7.082    1.2 
   1849.4   7.093    1.2 
   1850.6   7.105    1.2 
   1851.8   7.124    1.2 
   1853.0   7.141    1.2 
   1854.2   7.151    1.2 
   1855.4   7.149    1.0 
   1856.4   7.135    1.2 
   1857.6   7.126    1.2 
   1858.8   7.113    1.2 
   1860.0   7.109    1.2 
   1861.2    7.11    1.2 
   1862.4    7.11    1.2 
   1863.6    7.11    1.2 
   1864.8   7.092    1.2 
   1866.0   7.069    1.2 
   1867.2   7.052    1.0 
   1868.2   7.026    1.2 
   1869.4   7.014    1.2 
   1870.6   7.006    1.2 
   1871.8   6.998    1.2 
   1873.0   6.993    1.2 
   1874.2   6.993    1.2 
   1875.4   6.991    1.2 
   1876.6   6.999    1.2 
   1877.8   7.006    1.2 
   1879.0   7.025    1.0 
   1880.0   7.043    1.2 
   1881.2   7.047    1.2 
   1882.4   7.057    1.2 
   1883.6   7.073    1.2 
   1884.8   7.089    1.2 
   1886.0   7.103    1.2 
   1887.2   7.114    1.2 
   1888.4   7.118    1.2 
   1889.6   7.131    1.2 
   1890.8   7.139    1.0 
   1891.8   7.141    1.2 
   1893.0   7.145    1.2 
   1894.2   7.137    1.2 
   1895.4   7.117    1.2 
   1896.6   7.098    1.2 
   1897.8   7.092    1.2 
   1899.0   7.084    1.2 
   1900.2   7.084    1.2 
   1901.4   7.092    1.0 
   1902.4   7.092    1.2 
   1903.6     7.1    1.2 
   1904.8   7.105    1.2 
   1906.0   7.103    1.2 
   1907.2   7.098    1.2 
   1908.4   7.092    1.2 
   1909.6   7.094    1.2 
   1910.8   7.096    1.2 
   1912.0   7.106    1.2 
   1913.2   7.112    1.0 
   1914.2   7.115    1.2 
   1915.4   7.117    1.2 
   1916.6   7.117    1.2 
   1917.8    7.11    1.2 
   1919.0   7.108    1.2 
   1920.2   7.109    1.2 
   1921.4   7.102    1.2 
   1922.6   7.106    1.2 
   1923.8   7.106    1.2 
   1925.0   7.126    1.0 
   1926.0   7.147    1.2 
   1927.2   7.156    1.2 
   1928.4   7.135    1.2 
   1929.6   7.117    1.2 
   1930.8   7.103    1.2 
   1932.0   7.087    1.2 
   1933.2   7.107    1.2 
   1934.4   7.098    1.2 
   1935.6     7.1    1.2 
   1936.8   7.106    1.0 
   1937.8   7.101    1.2 
   1939.0   7.101    1.2 
   1940.2    7.09    1.2 
   1941.4    7.08    1.2 
   1942.6   7.068    1.2 
   1943.8   7.066    1.2 
   1945.0   7.068    1.2 
   1946.2    7.07    1.2 
   1947.4   7.072    1.2 
   1948.6   7.074    1.0 
   1949.6   7.088    1.2 
   1950.8     7.1    1.2 
   1952.0   7.104    1.2 
   1953.2   7.102    1.2 
   1954.4   7.093    1.2 
   1955.6   7.086    1.2 
   1956.8   7.081    1.2 
   1958.0   7.097    1.2 
   1959.2   7.086    1.2 
   1960.4   7.081    1.0 
   1961.4   7.085    1.2 
   1962.6   7.074    1.2 
   1963.8    7.07    1.2 
   1965.0   7.064    1.2 
   1966.2   7.058    1.2 
   1967.4   7.047    1.2 
   1968.6   7.032    1.2 
   1969.8   7.021    0.4 
   1970.2   7.029    1.8 
   1972.0   6.991    1.8 
   1973.8   6.976    2.0 
   1975.8   6.955    1.8 
   1977.6   6.971    1.8 
   1979.4   6.982    2.0 
   1981.4   6.981    1.8 
   1983.2   6.978    1.8 
   1985.0   6.972    2.0 
   1987.0   6.995    1.8 
   1988.8   6.985    1.8 
   1990.6   7.012    2.0 
   1992.6   7.031    1.8 
   1994.4   7.025    1.8 
   1996.2   7.024    2.0 
   1998.2   7.082    1.8 
   2000.0   7.049    1.8 
   2001.8   7.041    2.0 
   2003.8   7.008    1.8 
   2005.6   7.002    1.8 
   2007.4   7.038    2.0 
   2009.4   7.037    1.8 
   2011.2   7.006    2.0 
   2013.2   7.001    1.8 
   2015.0   7.007    1.8 
   2016.8   7.017    2.0 
   2018.8   7.002    1.8 
   2020.6   6.994    1.8 
   2022.4   6.963    2.0 
   2024.4   6.976    1.8 
   2026.2   6.993    1.8 
   2028.0   7.002    2.0 
   2030.0   7.009    1.8 
   2031.8   7.001    1.8 
   2033.6   7.016    2.0 
   2035.6   7.029    1.8 
   2037.4   7.027    1.8 
   2039.2    7.03    2.0 
   2041.2   7.021    1.8 
   2043.0   7.005    1.8 
   2044.8   7.028    2.0 
   2046.8   7.005    1.8 
   2048.6   7.008    1.8 
   2050.4    7.02    2.0 
   2052.4   7.047    1.8 
   2054.2   7.033    1.8 
   2056.0   7.035    2.0 
   2058.0   7.034    1.8 
   2059.8   7.032    2.0 
   2061.8    7.04    1.8 
   2063.6   7.052    1.8 
   2065.4   7.034    2.0 
   2067.4    7.02    1.8 
   2069.2   7.031    1.8 
   2071.0   7.034    2.0 
   2073.0    7.03    1.8 
   2074.8   7.027    1.8 
   2076.6    7.02    2.0 
   2078.6   6.986    1.8 
   2080.4   6.978    1.8 
   2082.2   7.011    2.0 
   2084.2   7.025    1.8 
   2086.0   7.034    1.8 
   2087.8    7.02    2.0 
   2089.8   7.012    1.8 
   2091.6   7.002    1.8 
   2093.4   7.018    2.0 
   2095.4   7.073    1.8 
   2097.2   7.067    1.8 
   2099.0   7.053    2.0 
   2101.0   7.052    1.8 
   2102.8   7.057    2.0 
   2104.8    7.06    1.8 
   2106.6   7.057    1.8 
   2108.4   7.034    2.0 
   2110.4   7.012    1.8 
   2112.2   6.984    1.8 
   2114.0   7.029    2.0 
   2116.0   7.016    1.8 
   2117.8   7.053    1.8 
   2119.6   7.071    2.0 
   2121.6   7.043    1.8 
   2123.4   7.043    1.8 
   2125.2   7.036    2.0 
   2127.2   6.961    1.8 
   2129.0   6.964    1.8 
   2130.8   7.022    2.0 
   2132.8   7.027    1.8 
   2134.6   7.044    1.8 
   2136.4   7.022    2.0 
   2138.4   7.012    1.8 
   2140.2   7.053    1.8 
   2142.0   7.062    2.0 
   2144.0   7.056    1.8 
   2145.8   7.064    1.8 
   2147.6   7.037    2.0 
   2149.6   7.064    1.8 
   2151.4   7.069    2.0 
   2153.4   7.049    1.8 
   2155.2   7.022    1.8 
   2157.0   7.037    2.0 
   2159.0   7.044    1.8 
   2160.8   7.051    1.8 
   2162.6   7.053    2.0 
   2164.6   7.059    1.8 
   2166.4   7.085    1.8 
   2168.2   7.101    2.0 
   2170.2    7.05    1.8 
   2172.0   7.069    1.8 
   2173.8   7.079    2.0 
   2175.8   7.056    1.8 
   2177.6   7.046    1.8 
   2179.4   7.084    2.0 
   2181.4   7.076    1.8 
   2183.2   7.073    1.8 
   2185.0   7.048    2.0 
   2187.0    7.03    1.8 
   2188.8   7.011    1.8 
   2190.6   7.057    2.0 
   2192.6   7.132    1.8 
   2194.4   7.065    1.8 
   2196.2   7.063    2.0 
   2198.2   7.027    1.8 
   2200.0   7.026    2.0 
   2202.0   7.051    1.8 
   2203.8   7.043    1.8 
   2205.6   7.041    2.0 
   2207.6   7.036    1.8 
   2209.4    7.06    1.8 
   2211.2   7.088    2.0 
   2213.2    7.09    1.8 
   2215.0   7.056    1.8 
   2216.8   7.028    2.0 
   2218.8   7.067    1.8 
   2220.6   7.097    1.8 
   2222.4   7.108    2.0 
   2224.4   7.098    1.8 
   2226.2   7.063    1.8 
   2228.0   7.063    2.0 
   2230.0   7.088    1.8 
   2231.8   7.081    1.8 
   2233.6   7.065    2.0 
   2235.6   7.067    1.8 
   2237.4   7.076    1.8 
   2239.2    7.04    2.0 
   2241.2   7.052    1.8 
   2243.0   7.099    2.0 
   2245.0    7.09    1.8 
   2246.8   7.084    1.8 
   2248.6   7.078    2.0 
   2250.6   7.039    1.8 
   2252.4   7.073    1.8 
   2254.2   7.039    2.0 
   2256.2   7.019    1.8 
   2258.0   7.028    1.8 
   2259.8   7.033    2.0 
   2261.8   7.046    1.8 
   2263.6   7.044    1.8 
   2265.4   7.035    2.0 
   2267.4   7.037    1.8 
   2269.2   7.031    1.8 
   2271.0   7.037    2.0 
   2273.0   7.015    1.8 
   2274.8   6.966    1.8 
   2276.6    6.97    2.0 
   2278.6   7.031    1.8 
   2280.4   7.023    1.8 
   2282.2   7.034    2.0 
   2284.2   7.038    1.8 
   2286.0   7.024    1.8 
   2287.8   7.024    2.0 
   2289.8    7.02    1.8 
   2291.6   7.047    2.0 
   2293.6   7.026    1.8 
   2295.4   6.985    1.8 
   2297.2   6.986    2.0 
   2299.2   7.029    1.8 
   2301.0   7.049    1.8 
   2302.8    7.07    2.0 
   2304.8   7.028    1.8 
   2306.6   7.003    1.8 
   2308.4   6.988    2.0 
   2310.4   6.973    1.8 
   2312.2   6.998    1.8 
   2314.0   6.991    2.0 
   2316.0    6.98    1.8 
   2317.8   6.979    1.8 
   2319.6   7.001    2.0 
   2321.6   7.011    1.8 
   2323.4   6.999    1.8 
   2325.2   7.001    2.0 
   2327.2   7.015    1.8 
   2329.0   7.009    1.8 
   2330.8   7.013    2.0 
   2332.8   7.029    1.8 
   2334.6    6.99    1.8 
   2336.4   6.982    2.0 
   2338.4   6.989    1.8 
   2340.2   7.017    2.0 
   2342.2   7.044    1.8 
   2344.0   7.031    1.8 
   2345.8   7.055    2.0 
   2347.8   7.049    1.8 
   2349.6    6.99    1.8 
   2351.4   6.975    2.0 
   2353.4   6.987    1.8 
   2355.2   7.021    1.8 
   2357.0   7.006    2.0 
   2359.0   6.973    1.8 
   2360.8   6.969    1.8 
   2362.6   7.011    2.0 
   2364.6   7.016    1.8 
   2366.4   7.011    1.8 
   2368.2   6.992    2.0 
   2370.2   6.979    1.8 
   2372.0   6.998    1.8 
   2373.8   7.002    2.0 
   2375.8   7.003    1.8 
   2377.6   7.013    1.8 
   2379.4   7.042    2.0 
   2381.4   7.026    1.8 
   2383.2   7.016    2.0 
   2385.2   7.055    1.8 
   2387.0   7.039    1.8 
   2388.8   7.003    2.0 
   2390.8   6.997    1.8 
   2392.6   6.996    1.8 
   2394.4   6.982    2.0 
   2396.4     7.0    1.8 
   2398.2   7.003    1.8 
   2400.0   7.001    2.0 
   2402.0   6.979    1.8 
   2403.8   6.975    1.8 
   2405.6   6.993    2.0 
   2407.6   6.986    1.8 
   2409.4   6.967    1.8 
   2411.2    6.97    2.0 
   2413.2   6.976    1.8 
   2415.0   7.001    1.8 
   2416.8   6.998    2.0 
   2418.8   6.965    1.8 
   2420.6   6.954    1.8 
   2422.4   6.973    2.0 
   2424.4    6.98    1.8 
   2426.2   6.966    1.8 
   2428.0   6.958    2.0 
   2430.0   6.947    1.8 
   2431.8   6.952    2.0 
   2433.8   6.954    1.8 
   2435.6   6.967    1.8 
   2437.4   6.984    2.0 
   2439.4   6.955    1.8 
   2441.2    6.93    1.8 
   2443.0   6.935    2.0 
   2445.0   6.946    1.8 
   2446.8   6.943    1.8 
   2448.6   6.944    2.0 
   2450.6   6.936    1.8 
   2452.4   6.902    1.8 
   2454.2   6.899    2.0 
   2456.2   6.905    1.8 
   2458.0   6.935    1.8 
   2459.8   6.931    2.0 
   2461.8   6.926    1.8 
   2463.6    6.94    1.8 
   2465.4   6.935    2.0 
   2467.4   6.942    1.8 
   2469.2   6.928    1.8 
   2471.0   6.941    2.0 
   2473.0   6.968    1.8 
   2474.8   6.965    1.8 
   2476.6   6.943    2.0 
   2478.6   6.918    1.8 
   2480.4   6.907    2.0 
   2482.4   6.931    1.8 
   2484.2   6.963    1.8 
   2486.0   6.955    2.0 
   2488.0   6.921    1.8 
   2489.8   6.913    1.8 
   2491.6   6.931    2.0 
   2493.6   6.957    1.8 
   2495.4   6.939    1.8 
   2497.2   6.921    2.0 
   2499.2   6.924    1.8 
   2501.0   6.905    1.8 
   2502.8   6.897    2.0 
   2504.8   6.907    1.8 
   2506.6   6.912    1.8 
   2508.4   6.919    2.0 
   2510.4   6.917    1.8 
   2512.2   6.933    1.8 
   2514.0   6.945    2.0 
   2516.0   6.934    1.8 
   2517.8   6.923    1.8 
   2519.6   6.917    2.0 
   2521.6    6.94    1.8 
   2523.4   6.963    2.0 
   2525.4   6.977    1.8 
   2527.2   6.967    1.8 
   2529.0    6.96    2.0 
   2531.0   6.952    1.8 
   2532.8    6.94    1.8 
   2534.6   6.917    2.0 
   2536.6   6.959    1.8 
   2538.4   6.982    1.8 
   2540.2   6.983    2.0 
   2542.2   6.966    1.8 
   2544.0   6.957    1.8 
   2545.8   6.959    2.0 
   2547.8    6.96    1.8 
   2549.6   6.944    1.8 
   2551.4   6.934    2.0 
   2553.4   6.939    1.8 
   2555.2   6.945    1.8 
   2557.0   6.941    2.0 
   2559.0    6.92    1.8 
   2560.8   6.929    1.8 
   2562.6   6.919    2.0 
   2564.6   6.923    1.8 
   2566.4   6.934    1.8 
   2568.2   6.925    2.0 
   2570.2   6.909    1.8 
   2572.0   6.906    2.0 
   2574.0   6.909    1.8 
   2575.8   6.912    1.8 
   2577.6   6.913    2.0 
   2579.6   6.891    1.8 
   2581.4   6.885    1.8 
   2583.2   6.897    2.0 
   2585.2   6.911    1.8 
   2587.0   6.929    1.8 
   2588.8    6.95    2.0 
   2590.8   6.933    1.8 
   2592.6   6.911    1.8 
   2594.4   6.907    2.0 
   2596.4   6.903    1.8 
   2598.2   6.897    1.8 
   2600.0   6.934    2.0 
   2602.0   6.961    1.8 
   2603.8   6.957    1.8 
   2605.6   6.947    2.0 
   2607.6   6.944    1.8 
   2609.4   6.948    1.8 
   2611.2   6.945    2.0 
   2613.2   6.933    1.8 
   2615.0   6.906    1.8 
   2616.8   6.905    2.0 
   2618.8   6.929    1.8 
   2620.6   6.935    2.0 
   2622.6   6.899    1.8 
   2624.4   6.879    1.8 
   2626.2   6.894    2.0 
   2628.2   6.913    1.8 
   2630.0   6.932    1.8 
   2631.8   6.932    2.0 
   2633.8    6.92    1.8 
   2635.6   6.902    1.8 
   2637.4   6.879    2.0 
   2639.4   6.877    1.8 
   2641.2   6.901    1.8 
   2643.0   6.915    2.0 
   2645.0   6.893    1.8 
   2646.8   6.909    1.8 
   2648.6   6.903    2.0 
   2650.6    6.89    1.8 
   2652.4    6.86    1.8 
   2654.2   6.853    2.0 
   2656.2   6.864    1.8 
   2658.0   6.872    1.8 
   2659.8   6.881    2.0 
   2661.8   6.882    1.8 
   2663.6   6.884    2.0 
   2665.6   6.894    1.8 
   2667.4   6.901    1.8 
   2669.2   6.901    2.0 
   2671.2   6.893    1.8 
   2673.0   6.886    1.8 
   2674.8   6.885    2.0 
   2676.8   6.883    1.8 
   2678.6   6.859    1.8 
   2680.4    6.86    2.0 
   2682.4   6.877    1.8 
   2684.2    6.88    1.8 
   2686.0   6.866    2.0 
   2688.0   6.869    1.8 
   2689.8   6.875    1.8 
   2691.6   6.885    2.0 
   2693.6   6.898    1.8 
   2695.4   6.899    1.8 
   2697.2   6.903    2.0 
   2699.2   6.907    1.8 
   2701.0   6.904    1.8 
   2702.8   6.895    2.0 
   2704.8   6.878    1.8 
   2706.6   6.876    1.8 
   2708.4   6.894    2.0 
   2710.4   6.892    1.8 
   2712.2   6.892    2.0 
   2714.2     6.9    1.8 
   2716.0     6.9    1.8 
   2717.8   6.899    2.0 
   2719.8   6.889    1.8 
   2721.6   6.889    1.8 
   2723.4   6.891    2.0 
   2725.4   6.902    1.8 
   2727.2   6.902    1.8 
   2729.0   6.892    2.0 
   2731.0   6.883    1.8 
   2732.8   6.879    1.8 
   2734.6   6.872    2.0 
   2736.6   6.852    1.8 
   2738.4   6.865    1.8 
   2740.2   6.892    2.0 
   2742.2    6.92    1.8 
   2744.0   6.931    1.8 
   2745.8   6.923    2.0 
   2747.8   6.912    1.8 
   2749.6   6.913    1.8 
   2751.4   6.908    2.0 
   2753.4   6.904    1.8 
   2755.2   6.904    1.8 
   2757.0   6.906    2.0 
   2759.0   6.902    1.8 
   2760.8   6.898    2.0 
   2762.8   6.894    1.8 
   2764.6   6.895    1.8 
   2766.4   6.894    2.0 
   2768.4   6.893    1.8 
   2770.2   6.903    1.8 
   2772.0   6.901    2.0 
   2774.0   6.893    1.8 
   2775.8   6.895    1.8 
   2777.6   6.901    2.0 
   2779.6   6.904    1.8 
   2781.4   6.904    1.8 
   2783.2   6.903    2.0 
   2785.2   6.913    1.8 
   2787.0    6.92    1.8 
   2788.8   6.915    2.0 
   2790.8   6.932    1.8 
   2792.6   6.944    1.8 
   2794.4   6.953    2.0 
   2796.4    6.99    1.8 
   2798.2   7.021    1.8 
   2800.0   7.006    2.0 
   2802.0   6.989    1.8 
   2803.8   6.991    2.0 
   2805.8   6.981    1.8 
   2807.6   6.945    1.8 
   2809.4   6.898    2.0 
   2811.4   6.874    1.8 
   2813.2   6.866    1.8 
   2815.0   6.858    2.0 
   2817.0   6.862    1.8 
   2818.8   6.873    1.8 
   2820.6   6.868    2.0 
   2822.6   6.863    1.8 
   2824.4   6.869    1.8 
   2826.2   6.872    2.0 
   2828.2   6.874    1.8 
   2830.0   6.886    1.8 
   2831.8   6.904    2.0 
   2833.8   6.901    1.8 
   2835.6   6.884    1.8 
   2837.4     6.9    2.0 
   2839.4   6.908    1.8 
   2841.2   6.902    1.8 
   2843.0   6.894    2.0 
   2845.0   6.891    1.8 
   2846.8   6.904    1.8 
   2848.6   6.893    2.0 
   2850.6   6.889    1.8 
   2852.4   6.888    2.0 
   2854.4   6.904    1.8 
   2856.2   6.901    1.8 
   2858.0   6.887    2.0 
   2860.0   6.875    1.8 
   2861.8   6.873    1.8 
   2863.6   6.891    2.0 
   2865.6   6.903    1.8 
   2867.4   6.897    1.8 
   2869.2    6.89    2.0 
   2871.2    6.89    1.8 
   2873.0   6.887    1.8 
   2874.8   6.883    2.0 
   2876.8   6.882    1.8 
   2878.6   6.882    1.8 
   2880.4   6.892    2.0 
   2882.4   6.895    1.8 
   2884.2   6.903    1.8 
   2886.0   6.903    2.0 
   2888.0   6.887    1.8 
   2889.8    6.88    1.8 
   2891.6   6.876    2.0 
   2893.6   6.888    1.8 
   2895.4   6.888    1.8 
   2897.2   6.878    2.0 
   2899.2   6.885    1.8 
   2901.0   6.902    2.0 
   2903.0   6.894    1.8 
   2904.8    6.89    1.8 
   2906.6   6.887    2.0 
   2908.6   6.893    1.8 
   2910.4   6.887    1.8 
   2912.2   6.895    2.0 
   2914.2   6.894    1.8 
   2916.0   6.891    1.8 
   2917.8   6.896    2.0 
   2919.8    6.89    1.8 
   2921.6   6.875    1.8 
   2923.4   6.886    2.0 
   2925.4   6.895    1.8 
   2927.2     6.9    1.8 
   2929.0   6.892    2.0 
   2931.0   6.884    1.8 
   2932.8   6.883    1.8 
   2934.6   6.898    2.0 
   2936.6   6.908    1.8 
   2938.4   6.891    1.8 
   2940.2    6.89    2.0 
   2942.2   6.899    1.8 
   2944.0   6.902    2.0 
   2946.0   6.913    1.8 
   2947.8   6.922    1.8 
   2949.6   6.907    2.0 
   2951.6   6.901    1.8 
   2953.4   6.886    1.8 
   2955.2   6.883    2.0 
   2957.2   6.863    1.8 
   2959.0   6.858    1.8 
   2960.8    6.86    2.0 
   2962.8   6.876    1.8 
   2964.6   6.884    1.8 
   2966.4   6.881    2.0 
   2968.4   6.864    1.8 
   2970.2   6.868    1.8 
   2972.0   6.871    2.0 
   2974.0   6.879    1.8 
   2975.8   6.878    1.8 
   2977.6   6.884    2.0 
   2979.6   6.879    1.8 
   2981.4   6.875    1.8 
   2983.2   6.872    2.0 
   2985.2   6.884    1.8 
   2987.0   6.879    1.8 
   2988.8    6.88    2.0 
   2990.8    6.88    1.8 
   2992.6   6.885    2.0 
   2994.6   6.895    1.8 
   2996.4   6.893    1.8 
   2998.2   6.879    2.0 
   3000.2   6.873    1.8 
   3002.0   6.879    1.8 
   3003.8   6.878    2.0 
   3005.8   6.868    1.8 
   3007.6   6.861    1.8 
   3009.4   6.853    2.0 
   3011.4   6.858    1.8 
   3013.2   6.865    1.8 
   3015.0   6.871    2.0 
   3017.0   6.868    1.8 
   3018.8   6.861    1.8 
   3020.6   6.849    2.0 
   3022.6   6.856    1.8 
   3024.4   6.867    1.8 
   3026.2   6.864    2.0 
   3028.2   6.858    1.8 
   3030.0   6.847    1.8 
   3031.8   6.832    2.0 
   3033.8   6.851    1.8 
   3035.6   6.859    1.8 
   3037.4   6.855    2.0 
   3039.4   6.859    1.8 
   3041.2   6.859    2.0 
   3043.2   6.858    1.8 
   3045.0   6.853    1.8 
   3046.8   6.857    2.0 
   3048.8   6.842    1.8 
   3050.6   6.845    1.8 
   3052.4    6.85    2.0 
   3054.4   6.868    1.8 
   3056.2   6.872    1.8 
   3058.0   6.871    2.0 
   3060.0   6.873    1.8 
   3061.8   6.886    1.8 
   3063.6   6.894    2.0 
   3065.6   6.876    1.8 
   3067.4   6.858    1.8 
   3069.2   6.856    2.0 
   3071.2   6.858    1.8 
   3073.0   6.863    1.8 
   3074.8    6.87    2.0 
   3076.8   6.877    1.8 
   3078.6   6.867    1.8 
   3080.4   6.855    2.0 
   3082.4   6.854    1.8 
   3084.2   6.853    2.0 
   3086.2   6.854    1.8 
   3088.0   6.864    1.8 
   3089.8   6.869    2.0 
   3091.8   6.869    1.8 
   3093.6   6.868    1.8 
   3095.4   6.871    2.0 
   3097.4   6.887    1.8 
   3099.2   6.868    1.8 
   3101.0   6.851    2.0 
   3103.0   6.866    1.8 
   3104.8   6.862    1.8 
   3106.6    6.84    2.0 
   3108.6   6.838    1.8 
   3110.4   6.853    1.8 
   3112.2    6.87    2.0 
   3114.2   6.873    1.8 
   3116.0   6.875    1.8 
   3117.8    6.87    2.0 
   3119.8   6.876    1.8 
   3121.6   6.869    1.8 
   3123.4   6.874    2.0 
   3125.4   6.873    1.8 
   3127.2   6.868    1.8 
   3129.0    6.86    2.0 
   3131.0   6.858    1.8 
   3132.8    6.86    2.0 
   3134.8    6.85    1.8 
   3136.6   6.857    1.8 
   3138.4   6.862    2.0 
   3140.4    6.85    1.8 
   3142.2   6.865    1.8 
   3144.0    6.88    2.0 
   3146.0   6.882    1.8 
   3147.8   6.865    1.8 
   3149.6   6.867    2.0 
   3151.6   6.847    1.8 
   3153.4   6.848    1.8 
   3155.2    6.86    2.0 
   3157.2   6.842    1.8 
   3159.0   6.844    1.8 
   3160.8   6.861    2.0 
   3162.8   6.863    1.8 
   3164.6   6.847    1.8 
   3166.4   6.842    2.0 
   3168.4   6.867    1.8 
   3170.2   6.882    1.8 
   3172.0   6.872    2.0 
   3174.0   6.878    1.8 
   3175.8     6.9    1.8 
   3177.6   6.902    2.0 
   3179.6   6.901    1.8 
   3181.4   6.879    2.0 
   3183.4   6.867    1.8 
   3185.2    6.88    1.8 
   3187.0   6.898    2.0 
   3189.0   6.906    1.8 
   3190.8   6.902    1.8 
   3192.6   6.884    2.0 
   3194.6   6.868    1.8 
   3196.4    6.86    1.8 
   3198.2   6.864    7.1 
   3205.3   6.807   5.35 
  3210.65   6.803   5.36 
  3216.01   6.803   5.37 
  3221.38   6.805   5.37 
  3226.75   6.806   5.39 
  3232.14   6.807   5.39 
  3237.53   6.808   5.41 
  3242.94   6.807   5.41 
  3248.35   6.807   5.42 
  3253.77   6.806   5.43 
   3259.2   6.805   5.44 
  3264.64   6.805   5.45 
  3270.09   6.805   5.46 
  3275.55   6.805   5.47 
  3281.02   6.805   5.48 
   3286.5   6.805   5.48 
  3291.98   6.805    5.5 
  3297.48   6.804    5.5 
  3302.98   6.803   5.52 
   3308.5   6.802   5.52 
  3314.02   6.802   5.53 
  3319.55   6.803   5.54 
  3325.09   6.804   5.55 
  3330.64   6.805   5.56 
   3336.2   6.806   5.57 
  3341.77   6.807   5.58 
  3347.35   6.808   5.58 
  3352.93   6.809    5.6 
  3358.53   6.809   5.61 
  3364.14    6.81   5.61 
  3369.75   6.809   5.63 
  3375.38   6.808   5.63 
  3381.01   6.808   5.65 
  3386.66   6.807   5.65 
  3392.31   6.808   5.66 
  3397.97   6.808   5.67 
  3403.64   6.809   5.68 
  3409.32   6.809   5.69 
  3415.01   6.809   5.71 
  3420.72   6.808   5.71 
  3426.43   6.808   5.72 
  3432.15   6.807   5.72 
  3437.87   6.806   5.74 
  3443.61   6.807   5.75 
  3449.36   6.808   5.76 
  3455.12   6.809   5.77 
  3460.89    6.81   5.77 
  3466.66    6.81   5.79 
  3472.45    6.81    5.8 
  3478.25    6.81    5.8 
  3484.05    6.81   5.82 
  3489.87    6.81   5.82 
  3495.69    6.81   5.84 
  3501.53    6.81   5.84 
  3507.37    6.81   5.86 
  3513.23    6.81   5.86 
  3519.09   6.811   5.88 
  3524.97   6.811   5.88 
  3530.85   6.811   5.89 
  3536.74   6.811   5.91 
  3542.65   6.812   5.91 
  3548.56   6.813   5.92 
  3554.48   6.814   5.94 
  3560.42   6.815   5.94 
  3566.36   6.816   5.95 
  3572.31   6.817   5.96 
  3578.27   6.818   5.98 
  3584.25    6.82   5.98 
  3590.23    6.82   5.99 
  3596.22    6.82   6.01 
  3602.23   6.821   6.01 
  3608.24   6.821   6.02 
  3614.26   6.821   6.03 
  3620.29   6.821   6.05 
  3626.34   6.822   6.05 
  3632.39   6.823   6.07 
  3638.46   6.823   6.07 
  3644.53   6.823   6.08 
  3650.61   6.822    6.1 
  3656.71   6.822    6.1 
  3662.81   6.824   6.11 
  3668.92   6.832   6.13 
  3675.05    6.84   6.13 
  3681.18   6.848   6.15 
  3687.33   6.854   6.15 
  3693.48   6.824   6.17 
  3699.65   6.795   6.17 
  3705.82   6.766   6.19 
  3712.01   6.738   6.19 
   3718.2   6.689   6.21 
  3724.41   6.641   6.22 
  3730.63   6.596   6.22 
  3736.85   6.552   6.24 
  3743.09    6.55   6.25 
  3749.34    6.55   6.26 
   3755.6   6.549   6.27 
  3761.87   6.549   6.28 
  3768.15   6.506   6.29 
  3774.44   6.464    6.3 
  3780.74   6.423   6.31 
  3787.05   6.384   6.32 
  3793.37   6.363   6.33 
   3799.7   6.342   6.34 
  3806.04   6.321   6.36 
   3812.4   6.303   6.36 
  3818.76   6.334   6.38 
  3825.14   6.366   6.38 
  3831.52   6.399    6.4 
  3837.92    6.42    6.4 
  3844.32   6.366   6.42 
  3850.74   6.314   6.43 
  3857.17   6.265   6.43 
   3863.6   6.242   6.45 
  3870.05   6.294   6.46 
  3876.51   6.348   6.47 
  3882.98   6.405   6.49 
  3889.47    6.42   6.49 
  3895.96   6.364    6.5 
  3902.46    6.31   6.52 
  3908.98   6.259   6.52 
   3915.5   6.237   6.54 
  3922.04   6.239   6.54 
  3928.58   6.242   6.56 
  3935.14   6.244   6.57 
  3941.71   6.278   6.58 
  3948.29   6.327   6.59 
  3954.88   6.377    6.6 
  3961.48   6.431   6.61 
  3968.09   6.396   6.63 
  3974.72   6.356   6.63 
  3981.35   6.317   6.65 
   3988.0   6.283   6.65 
  3994.65   6.276   6.67 
  4001.32   6.269   6.68 
   4008.0   6.262   6.69 
  4014.69   6.259    6.7 
  4021.39   6.262   6.71 
   4028.1   6.265   6.73 
  4034.83   6.268   6.73 
  4041.56   6.269   6.75 
  4048.31   6.267   6.76 
  4055.07   6.266   6.77 
  4061.84   6.265   6.78 
  4068.62   6.279   6.79 
  4075.41   6.294    6.8 
  4082.21   6.309   6.81 
  4089.02    6.33   6.83 
  4095.85   6.365   6.84 
  4102.69   6.401   6.85 
  4109.54   6.439   6.86 
   4116.4   6.425   6.87 
  4123.27   6.383   6.88 
  4130.15   6.343   6.89 
  4137.04   6.305   6.91 
  4143.95   6.302   6.92 
  4150.87   6.299   6.92 
  4157.79   6.296   6.94 
  4164.73   6.295   6.96 
  4171.69   6.295   6.96 
  4178.65   6.295   6.97 
  4185.62   6.296   6.99 
  4192.61   6.297    7.0 
  4199.61   6.298   7.01 
  4206.62     6.3   7.02 
  4213.64   6.301   7.03 
  4220.67   6.304   7.05 
  4227.72   6.306   7.06 
  4234.78   6.308   7.07 
  4241.85   6.312   7.08 
  4248.93   6.316   7.09 
  4256.02    6.32    7.1 
  4263.12   6.324   7.12 
  4270.24   6.324   7.13 
  4277.37   6.324   7.14 
  4284.51   6.323   7.15 
  4291.66   6.326   7.16 
  4298.82   6.329   7.18 
   4306.0   6.333   7.19 
  4313.19   6.345   7.19 
  4320.38   6.401   7.22 
   4327.6   6.461   7.22 
  4334.82   6.525   7.24 
  4342.06   6.505   7.24 
   4349.3    6.45   7.26 
  4356.56   6.398   7.28 
  4363.84   6.361   7.28 
  4371.12    6.36    7.3 
  4378.42   6.359   7.31 
  4385.73   6.359   7.31 
  4393.04   6.358   7.34 
  4400.38   6.358   7.34 
  4407.72   6.357   7.36 
  4415.08   6.358   7.37 
  4422.45   6.361   7.38 
  4429.83   6.364    7.4 
  4437.23   6.366    7.4 
  4444.63   6.369   7.42 
  4452.05   6.372   7.43 
  4459.48   6.375   7.45 
  4466.93   6.378   7.45 
  4474.38    6.38   7.47 
  4481.85   6.382   7.48 
  4489.33   6.383    7.5 
  4496.83   6.383    7.5 
  4504.33   6.383   7.52 
  4511.85   6.383   7.53 
  4519.38   6.384   7.55 
  4526.93   6.386   7.55 
  4534.48   6.387   7.57 
  4542.05   6.389   7.58 
  4549.63   6.391    7.6 
  4557.23   6.393   7.61 
  4564.84   6.395   7.62 
  4572.46   6.397   7.63 
  4580.09   6.398   7.64 
  4587.73     6.4   7.66 
  4595.39   6.402   7.67 
  4603.06   6.404   7.69 
  4610.75   6.406   7.69 
  4618.44   6.408   7.71 
  4626.15    6.41   7.72 
  4633.87   6.411   7.74 
  4641.61   6.413   7.74 
  4649.35   6.415   7.77 
  4657.12   6.417   7.77 
  4664.89   6.419   7.79 
  4672.68    6.42    7.8 
  4680.48   6.422   7.81 
  4688.29   6.424   7.83 
  4696.12   6.429   7.83 
  4703.95   6.435   7.86 
  4711.81   6.441   7.86 
  4719.67    6.44   7.88 
  4727.55   6.439   7.89 
  4735.44   6.438    7.9 
  4743.34   6.438   7.92 
  4751.26   6.439   7.93 
  4759.19    6.44   7.95 
  4767.14   6.442   7.95 
  4775.09   6.445   7.97 
  4783.06   6.447   7.99 
  4791.05    6.45    8.0 
  4799.05   6.453   8.01 
  4807.06   6.456   8.02 
  4815.08   6.459   8.04 
  4823.12   6.463   8.05 
  4831.17   6.466   8.06 
  4839.23   6.485   8.08 
  4847.31   6.546   8.09 
   4855.4   6.611   8.11 
  4863.51   6.654   8.11 
  4871.62   6.592   8.14 
  4879.76   6.532   8.14 
   4887.9   6.482   8.16 
  4896.06   6.484   8.17 
  4904.23   6.486   8.19 
  4912.42   6.487    8.2 
  4920.62   6.486   8.21 
  4928.83   6.485   8.23 
  4937.06   6.484   8.24 
   4945.3   6.485   8.26 
  4953.56   6.487   8.27 
  4961.83   6.488   8.28 
  4970.11    6.49   8.29 
   4978.4   6.493   8.31 
  4986.71   6.495   8.33 
  4995.04   6.499   8.34 
  5003.38   6.503   8.35 
  5011.73   6.508   8.36 
  5020.09   6.512   8.38 
  5028.47   6.515    8.4 
  5036.87   6.516    8.4 
  5045.27   6.516   8.42 
  5053.69   6.517   8.44 
  5062.13   6.518   8.45 
  5070.58   6.519   8.46 
  5079.04    6.52   8.48 
  5087.52   6.522   8.49 
  5096.01   6.524   8.51 
  5104.52   6.526   8.52 
  5113.04   6.527   8.54 
  5121.58   6.529   8.54 
  5130.12   6.531   8.57 
  5138.69   6.533   8.58 
  5147.27   6.535   8.59 
  5155.86   6.536    8.6 
  5164.46   6.538   8.62 
  5173.08    6.54   8.64 
  5181.72   6.542   8.65 
  5190.37   6.544   8.66 
  5199.03   6.546   8.68 
  5207.71   6.548   8.69 
   5216.4    6.55   8.71 
  5225.11   6.553   8.72 
  5233.83   6.555   8.74 
  5242.57   6.557   8.75 
  5251.32   6.559   8.76 
  5260.08    6.56   8.79 
  5268.87   6.562   8.79 
  5277.66   6.565   8.81 
  5286.47   6.567   8.82 
  5295.29   6.569   8.84 
  5304.13   6.571   8.86 
  5312.99   6.574   8.86 
  5321.85   6.576   8.89 
  5330.74   6.578    8.9 
  5339.64   6.579   8.91 
  5348.55   6.581   8.93 
  5357.48   6.583   8.94 
  5366.42   6.584   8.96 
  5375.38   6.586   8.97 
  5384.35   6.588   8.99 
  5393.34   6.591    9.0 
  5402.34   6.593   9.02 
  5411.36   6.596   9.03 
  5420.39   6.598   9.05 
  5429.44   6.601   9.06 
   5438.5   6.603   9.08 
  5447.58   6.605   9.09 
  5456.67   6.607   9.11 
  5465.78    6.61   9.12 
   5474.9   6.612   9.14 
  5484.04   6.613   9.16 
   5493.2   6.615   9.17 
  5502.37   6.617   9.18 
  5511.55   6.618    9.2 
  5520.75    6.62   9.22 
  5529.97   6.622   9.23 
   5539.2   6.624   9.24 
  5548.44   6.626   9.27 
  5557.71   6.628   9.27 
  5566.98   6.631   9.29 
  5576.27   6.633   9.31 
  5585.58   6.635   9.33 
  5594.91   6.638   9.34 
  5604.25    6.64   9.35 
   5613.6   6.642   9.37 
  5622.97   6.645   9.39 
  5632.36   6.647    9.4 
  5641.76   6.649   9.41 
  5651.17   6.651   9.44 
  5660.61   6.653   9.45 
  5670.06   6.654   9.46 
  5679.52   6.656   9.48 
   5689.0   6.658    9.5 
   5698.5    6.66   9.51 
  5708.01   6.662   9.53 
  5717.54   6.664   9.54 
  5727.08   6.666   9.56 
  5736.64   6.668   9.58 
  5746.22    6.67   9.59 
  5755.81   6.672   9.61 
  5765.42   6.674   9.62 
  5775.04   6.676   9.64 
  5784.68   6.678   9.66 
  5794.34    6.68   9.67 
  5804.01   6.682   9.69 
   5813.7   6.685    9.7 
   5823.4   6.687   9.72 
  5833.12    6.69   9.74 
  5842.86   6.693   9.75 
  5852.61   6.697   9.77 
  5862.38   6.701   9.79 
  5872.17   6.704    9.8 
  5881.97   6.706   9.82 
  5891.79   6.707   9.83 
  5901.62   6.707   9.85 
  5911.47   6.708   9.87 
  5921.34   6.709   9.88 
  5931.22   6.711    9.9 
  5941.12   6.714   9.92 
  5951.04   6.716   9.93 
  5960.97   6.719   9.95 
  5970.92   6.722   9.97 
  5980.89   6.724   9.98 
  5990.87   6.725   10.0 
  6000.87   6.727  10.02 
  6010.89   6.729  10.03 
  6020.92   6.731  10.05 
  6030.97   6.733  10.07 
  6041.04   6.735  10.08 
  6051.12   6.737  10.11 
  6061.23   6.739  10.11 
  6071.34   6.741  10.14 
  6081.48   6.744  10.15 
  6091.63   6.746  10.17 
   6101.8   6.748  10.18 
  6111.98    6.75  10.21 
  6122.19   6.753  10.21 
   6132.4   6.755  10.24 
  6142.64   6.757  10.25 
  6152.89   6.759  10.27 
  6163.16   6.762  10.29 
  6173.45   6.764  10.31 
  6183.76   6.766  10.32 
  6194.08   6.769  10.34 
  6204.42   6.772  10.35 
  6214.77   6.774  10.38 
  6225.15   6.777  10.39 
  6235.54   6.779  10.41 
  6245.95   6.781  10.42 
  6256.37   6.782  10.45 
  6266.82   6.784  10.46 
  6277.28   6.786  10.47 
  6287.75   6.789   10.5 
  6298.25   6.792  10.51 
  6308.76   6.795  10.53 
  6319.29   6.797  10.55 
  6329.84     6.8  10.57 
  6340.41   6.802  10.58 
  6350.99   6.803   10.6 
  6361.59   6.805  10.62 
  6372.21   6.807  10.64 
  6382.85   6.809  10.65 
   6393.5   6.811  10.67 
  6404.17   6.813   10.7 
  6414.87   6.816   10.7 
  6425.57   6.818  10.73 
   6436.3    6.82  10.74 
  6447.04   6.823  10.76 
   6457.8   6.825  10.78 
  6468.58   6.828   10.8 
  6479.38    6.83  10.82 
   6490.2   6.833  10.83 
  6501.03   6.836  10.85 
  6511.88   6.839  10.87 
  6522.75   6.842  10.89 
  6533.64   6.856   10.9 
  6544.54   6.874  10.93 
  6555.47   6.892  10.94 
  6566.41    6.91  10.96 
  6577.37   6.922  10.98 
  6588.35   6.907   11.0 
  6599.35   6.893  11.01 
  6610.36   6.879  11.04 
   6621.4   6.865  11.05 
  6632.45   6.862  11.07 
  6643.52   6.865  11.09 
  6654.61   6.868  11.11 
  6665.72   6.871  11.13 
  6676.85   6.874  11.14 
  6687.99   6.876  11.16 
  6699.15   6.877  11.19 
  6710.34   6.878   11.2 
  6721.54    6.88  11.22 
  6732.76   6.882  11.24 
   6744.0   6.884  11.25 
  6755.25   6.887  11.28 
  6766.53   6.889  11.29 
  6777.82   6.892  11.32 
  6789.14   6.894  11.33 
  6800.47   6.896  11.35 
  6811.82   6.899  11.37 
  6823.19   6.901  11.39 
  6834.58   6.903  11.41 
  6845.99   6.906  11.43 
  6857.42   6.908  11.44 
  6868.86    6.91  11.47 
  6880.33   6.912  11.48 
  6891.81   6.915  11.51 
  6903.32   6.917  11.52 
  6914.84   6.919  11.54 
  6926.38   6.922  11.56 
  6937.94   6.924  11.58 
  6949.52   6.927   11.6 
  6961.12   6.929  11.63 
  6972.75   6.931  11.63 
  6984.38   6.934  11.66 
  6996.04   6.936  11.68 
  7007.72   6.939   11.7 
  7019.42   6.941  11.71 
  7031.13   6.944  11.74 
  7042.87   6.947  11.76 
  7054.63   6.951  11.77 
   7066.4   6.954   11.8 
   7078.2   6.957  11.81 
  7090.01   6.959  11.84 
  7101.85    6.96  11.85 
   7113.7   6.962  11.88 
  7125.58   6.964  11.89 
  7137.47   6.966  11.91 
  7149.38   6.967  11.94 
  7161.32    6.97  11.95 
  7173.27   6.973  11.98 
  7185.25   6.975  11.99 
  7197.24   6.978  12.01 
  7209.25    6.98  12.04 
  7221.29   6.983  12.05 
  7233.34   6.986  12.08 
  7245.42   6.988  12.09 
  7257.51   6.991  12.11 
  7269.62   6.993  12.14 
  7281.76   6.995  12.15 
  7293.91   6.997  12.18 
  7306.09   6.999  12.19 
  7318.28   7.001  12.22 
   7330.5   7.004  12.23 
  7342.73   7.006  12.26 
  7354.99   7.008  12.28 
  7367.27    7.01   12.3 
  7379.57   7.013  12.31 
  7391.88   7.015  12.34 
  7404.22   7.018  12.36 
  7416.58   7.021  12.38 
  7428.96   7.023   12.4 
  7441.36   7.026  12.42 
  7453.78   7.028  12.45 
  7466.23    7.03  12.46 
  7478.69   7.033  12.48 
  7491.17   7.035  12.51 
  7503.68   7.037  12.52 
   7516.2    7.04  12.55 
  7528.75   7.042  12.56 
  7541.31   7.045  12.59 
   7553.9   7.047  12.61 
  7566.51   7.049  12.63 
  7579.14   7.052  12.65 
  7591.79   7.054  12.67 
  7604.46   7.057   12.7 
  7617.16   7.059  12.71 
  7629.87   7.062  12.74 
  7642.61   7.064  12.76 
  7655.37   7.067  12.78 
  7668.15   7.069  12.79 
  7680.94   7.072  12.83 
  7693.77   7.075  12.84 
  7706.61   7.078  12.86 
  7719.47   7.081  12.89 
  7732.36   7.084   12.9 
  7745.26   7.087  12.93 
  7758.19   7.089  12.95 
  7771.14   7.091  12.98 
  7784.12   7.094  12.99 
  7797.11   7.096  13.01 
  7810.12   7.099  13.04 
  7823.16   7.101  13.06 
  7836.22   7.103  13.08 
   7849.3   7.106   13.1 
   7862.4   7.108  13.12 
  7875.52    7.11  13.15 
  7888.67   7.112  13.17 
  7901.84   7.115  13.19 
  7915.03   7.117  13.21 
  7928.24   7.119  13.23 
  7941.47   7.121  13.26 
  7954.73   7.124  13.28 
  7968.01   7.126   13.3 
  7981.31   7.129  13.32 
  7994.63   7.131  13.35 
  8007.98   7.133  13.36 
  8021.34   7.136  13.39 
  8034.73   7.138  13.41 
  8048.14   7.141  13.44 
  8061.58   7.143  13.45 
  8075.03   7.146  13.48 
  8088.51   7.149  13.51 
  8102.02   7.151  13.52 
  8115.54   7.154  13.54 
  8129.08   7.156  13.57 
  8142.65   7.159   13.6 
  8156.25   7.161  13.61 
  8169.86   7.163  13.64 
   8183.5   7.165  13.66 
  8197.16   7.168  13.68 
  8210.84    7.17  13.71 
  8224.55   7.172  13.72 
  8238.27   7.174  13.76 
  8252.03   7.176  13.77 
   8265.8   7.179   13.8 
   8279.6   7.183  13.82 
  8293.42   7.186  13.84 
  8307.26    7.19  13.87 
  8321.13   7.193  13.89 
  8335.02   7.196  13.91 
  8348.93     7.2  13.94 
  8362.87   7.203  13.96 
  8376.83   7.205  13.98 
  8390.81   7.208  14.01 
  8404.82    7.21  14.02 
  8418.84   7.213  14.06 
   8432.9   7.215  14.07 
  8446.97   7.218   14.1 
  8461.07   7.219  14.13 
   8475.2   7.219  14.14 
  8489.34    7.22  14.17 
  8503.51   7.221   14.2 
  8517.71   7.221  14.22 
  8531.93   7.222  14.24 
  8546.17   7.223  14.26 
  8560.43   7.223  14.29 
  8574.72   7.224  14.32 
  8589.04   7.225  14.33 
  8603.37   7.225  14.36 
  8617.73   7.226  14.39 
  8632.12   7.227  14.41 
  8646.53   7.228  14.43 
  8660.96   7.227  14.46 
  8675.42   7.225  14.48 
   8689.9   7.224   14.5 
   8704.4   7.223  14.53 
  8718.93   7.221  14.56 
  8733.49    7.22  14.57 
  8748.06   7.218  14.61 
  8762.67   7.221  14.62 
  8777.29   7.223  14.66 
  8791.95   7.226  14.67 
  8806.62   7.229   14.7 
  8821.32   7.232  14.72 
  8836.04   7.235  14.75 
  8850.79   7.237  14.78 
  8865.57   7.232   14.8 
  8880.37   7.228  14.82 
  8895.19   7.223  14.85 
  8910.04   7.218  14.87 
  8924.91   7.214   14.9 
  8939.81   7.209  14.92 
  8954.73   7.209  14.95 
  8969.68   7.218  14.97 
  8984.65   7.228   15.0 
  8999.65   7.237  15.02 
  9014.67   7.247  15.05 
  9029.72   7.257  15.07 
  9044.79   7.267   15.1 
  9059.89   7.267  15.12 
  9075.01   7.262  15.15 
  9090.16   7.257  15.17 
  9105.33   7.252   15.2 
  9120.53   7.247  15.22 
  9135.75   7.242  15.25 
   9151.0   7.238  15.28 
  9166.28   7.249   15.3 
  9181.58    7.26  15.33 
  9196.91   7.271  15.35 
  9212.26   7.282  15.37 
  9227.63   7.293  15.41 
  9243.04   7.304  15.43 
  9258.47   7.306  15.45 
  9273.92     7.3  15.48 
   9289.4   7.294  15.51 
  9304.91   7.289  15.53 
  9320.44   7.283  15.56 
   9336.0   7.277  15.58 
  9351.58   7.273  15.61 
  9367.19   7.275  15.64 
  9382.83   7.278  15.66 
  9398.49   7.281  15.69 
  9414.18   7.284  15.71 
  9429.89   7.287  15.74 
  9445.63    7.29  15.77 
   9461.4   7.299  15.79 
  9477.19   7.309  15.82 
  9493.01    7.32  15.85 
  9508.86    7.33  15.87 
  9524.73   7.341   15.9 
  9540.63   7.352  15.92 
  9556.55   7.356  15.95 
   9572.5   7.351  15.98 
  9588.48   7.346  16.01 
  9604.49    7.34  16.03 
  9620.52   7.335  16.06 
  9636.58    7.33  16.08 
  9652.66   7.326  16.12 
  9668.78   7.328  16.14 
  9684.92   7.331  16.16 
  9701.08   7.333  16.19 
  9717.27   7.336  16.22 
  9733.49   7.338  16.25 
  9749.74   7.341  16.28 
  9766.02   7.343   16.3 
  9782.32   7.346  16.33 
  9798.65   7.349  16.35 
   9815.0   7.352  16.39 
  9831.39   7.355  16.41 
   9847.8   7.357  16.43 
  9864.23    7.36  16.47 
   9880.7   7.363  16.49 
  9897.19   7.366  16.52 
  9913.71   7.369  16.55 
  9930.26   7.372  16.58 
  9946.84   7.374   16.6 
  9963.44   7.384  16.63 
  9980.07   7.395  16.66 
  9996.73   7.406  16.69 
 10013.42   7.417  16.71 
 10030.13   7.429  16.74 
 10046.87    7.44  16.77 
 10063.64   7.438   16.8 
 10080.44   7.432  16.83 
 10097.27   7.426  16.85 
 10114.12   7.421  16.89 
 10131.01   7.415  16.91 
 10147.92    7.41  16.94 
 10164.86   7.411  16.96 
 10181.82   7.414   17.0 
 10198.82   7.416  17.02 
 10215.84   7.419  17.06 
  10232.9   7.421  17.08 
 10249.98   7.424  17.11 
 10267.09   7.427  17.13 
 10284.22    7.43  17.17 
 10301.39   7.433   17.2 
 10318.59   7.436  17.22 
 10335.81   7.439  17.25 
 10353.06   7.442  17.28 
 10370.34   7.445  17.31 
 10387.65   7.447  17.34 
 10404.99    7.45  17.37 
 10422.36   7.453   17.4 
 10439.76   7.455  17.42 
 10457.18   7.458  17.46 
 10474.64   7.461  17.48 
 10492.12   7.464  17.52 
 10509.64   7.467  17.54 
 10527.18    7.47  17.57 
 10544.75   7.473   17.6 
 10562.35   7.476  17.64 
 10579.99   7.479  17.66 
 10597.65   7.482  17.68 
 10615.33   7.485  17.72 
 10633.05   7.488  17.75 
  10650.8   7.491  17.78 
 10668.58   7.494  17.81 
 10686.39   7.496  17.84 
 10704.23   7.499  17.86 
 10722.09   7.501   17.9 
 10739.99   7.504  17.93 
 10757.92   7.507  17.96 
 10775.88   7.511  17.98 
 10793.86   7.514  18.02 
 10811.88   7.518  18.05 
 10829.93   7.521  18.08 
 10848.01   7.525   18.1 
 10866.11   7.535  18.14 
 10884.25   7.546  18.17 
 10902.42   7.557   18.2 
 10920.62   7.569  18.23 
 10938.85    7.58  18.26 
 10957.11   7.585  18.29 
  10975.4   7.579  18.32 
 10993.72   7.572  18.35 
 11012.07   7.566  18.38 
 11030.45    7.56  18.41 
 11048.86   7.554  18.44 
  11067.3   7.556  18.48 
 11085.78   7.558   18.5 
 11104.28   7.561  18.54 
 11122.82   7.563  18.56 
 11141.38   7.566   18.6 
 11159.98   7.569  18.63 
 11178.61   7.572  18.66 
 11197.27   7.575  18.69 
 11215.96   7.578  18.72 
 11234.68   7.581  18.75 
 11253.43   7.584  18.79 
 11272.22   7.587  18.81 
 11291.03    7.59  18.85 
 11309.88   7.593  18.88 
 11328.76   7.597  18.91 
 11347.67     7.6  18.94 
 11366.61   7.602  18.97 
 11385.58   7.605  19.01 
 11404.59   7.608  19.04 
 11423.63    7.61  19.07 
  11442.7   7.613   19.1 
  11461.8   7.615  19.13 
 11480.93   7.618  19.16 
 11500.09   7.621   19.2 
 11519.29   7.624  19.23 
 11538.52   7.627  19.26 
 11557.78    7.63  19.29 
 11577.07   7.633  19.32 
 11596.39   7.636  19.36 
 11615.75   7.639  19.39 
 11635.14   7.642  19.42 
 11654.56   7.646  19.45 
 11674.01   7.648  19.49 
  11693.5   7.651  19.52 
 11713.02   7.655  19.55 
 11732.57   7.658  19.59 
 11752.16   7.661  19.61 
 11771.77   7.663  19.65 
 11791.42   7.666  19.68 
  11811.1   7.668  19.72 
 11830.82   7.671  19.75 
 11850.57   7.674  19.78 
 11870.35   7.677  19.81 
 11890.16    7.68  19.85 
 11910.01   7.683  19.88 
 11929.89   7.686  19.91 
  11949.8   7.689  19.95 
 11969.75   7.692  19.98 
 11989.73   7.694  20.01 
 12009.74   7.697  20.01 
