   925.52  6.072   9.26 
   934.78  5.011   9.26 
   944.04   4.36   9.26 
    953.3  3.886   9.26 
   962.56  3.619   9.26 
   971.82  3.746   9.26 
   981.08  4.115   9.26 
   990.34  3.983   9.26 
    999.6  3.497   9.26 
  1008.86  3.282   9.26 
  1018.12  3.362   9.26 
  1027.38  3.544   9.26 
  1036.64   3.45   9.26 
   1045.9  3.081   9.26 
  1055.16  2.911   9.26 
  1064.42  2.931   9.26 
  1073.68  2.979   9.26 
  1082.94  3.081   9.26 
   1092.2  3.102   9.26 
  1101.46  3.059   9.26 
  1110.72   2.98   9.26 
  1119.98  2.999   9.26 
  1129.24  3.093   9.26 
   1138.5  2.995   17.3 
   1155.8  2.956    1.2 
   1157.0  2.949    1.0 
   1158.0  3.021    1.2 
   1159.2  2.982    1.2 
   1160.4  3.003    1.2 
   1161.6  2.961    1.2 
   1162.8  2.979    1.2 
   1164.0  3.007    1.2 
   1165.2  3.027    1.2 
   1166.4  3.054    1.2 
   1167.6  3.039    1.2 
   1168.8  3.078    1.0 
   1169.8  3.178    1.2 
   1171.0  3.312    1.2 
   1172.2  3.419    1.2 
   1173.4  3.475    1.2 
   1174.6  3.444    1.2 
   1175.8  3.275    1.2 
   1177.0  3.163    1.2 
   1178.2  3.121    1.2 
   1179.4  3.048    1.0 
   1180.4  3.026    1.2 
   1181.6  2.973    1.2 
   1182.8  2.935    1.2 
   1184.0  2.916    1.2 
   1185.2  2.914    1.2 
   1186.4  2.934    1.2 
   1187.6  2.943    1.2 
   1188.8  3.005    1.2 
   1190.0  3.022    1.2 
   1191.2  3.085    1.0 
   1192.2  3.146    1.2 
   1193.4  3.199    1.2 
   1194.6  3.222    1.2 
   1195.8  3.244    1.2 
   1197.0  3.241    1.2 
   1198.2  3.241    1.2 
   1199.4  3.359    1.2 
   1200.6  3.503    1.2 
   1201.8  3.646    1.2 
   1203.0  3.874    1.0 
   1204.0  4.097    1.2 
   1205.2  4.212    1.2 
   1206.4  4.144    1.2 
   1207.6  4.238    1.2 
   1208.8  4.324    1.2 
   1210.0  4.333    1.2 
   1211.2  4.621    1.2 
   1212.4  5.035    1.2 
   1213.6  5.135    1.2 
   1214.8  4.843    1.0 
   1215.8  4.327    1.2 
   1217.0   3.89    1.2 
   1218.2  3.702    1.2 
   1219.4  3.449    1.2 
   1220.6  3.298    1.2 
   1221.8  3.236    1.2 
   1223.0  3.162    1.2 
   1224.2  3.132    1.2 
   1225.4  3.139    1.2 
   1226.6  3.135    1.0 
   1227.6  3.102    1.2 
   1228.8  3.061    1.2 
   1230.0  3.017    1.2 
   1231.2  2.999    1.2 
   1232.4  2.975    1.2 
   1233.6  2.997    1.2 
   1234.8  2.998    1.2 
   1236.0  2.941    1.2 
   1237.2  2.953    1.2 
   1238.4  2.918    1.0 
   1239.4  2.906    1.2 
   1240.6  2.901    1.2 
   1241.8  2.926    1.2 
   1243.0  2.908    1.2 
   1244.2  2.958    1.2 
   1245.4  2.976    1.2 
   1246.6  2.986    1.2 
   1247.8  2.996    1.2 
   1249.0  2.992    1.2 
   1250.2  2.964    1.0 
   1251.2  2.986    1.2 
   1252.4  2.939    1.2 
   1253.6  2.932    1.2 
   1254.8  2.953    1.2 
   1256.0  2.944    1.2 
   1257.2  2.963    1.2 
   1258.4   2.98    1.2 
   1259.6  2.949    1.2 
   1260.8  2.924    1.2 
   1262.0  2.971    1.0 
   1263.0  2.991    1.2 
   1264.2  2.962    1.2 
   1265.4  2.972    1.2 
   1266.6  2.916    1.2 
   1267.8  2.906    1.2 
   1269.0  2.898    1.2 
   1270.2  2.877    1.2 
   1271.4  2.907    1.2 
   1272.6  2.938    1.0 
   1273.6  2.889    1.2 
   1274.8  2.888    1.2 
   1276.0   2.93    1.2 
   1277.2  2.895    1.2 
   1278.4  2.868    1.2 
   1279.6  2.847    1.2 
   1280.8  2.866    1.2 
   1282.0  2.864    1.2 
   1283.2  2.887    1.2 
   1284.4  2.887    1.0 
   1285.4   2.91    1.2 
   1286.6  2.935    1.2 
   1287.8  2.955    1.2 
   1289.0  2.959    1.2 
   1290.2  2.982    1.2 
   1291.4  3.054    1.2 
   1292.6  3.104    1.2 
   1293.8  3.186    1.2 
   1295.0   3.22    1.2 
   1296.2  3.247    1.0 
   1297.2  3.287    1.2 
   1298.4  3.296    1.2 
   1299.6  3.291    1.2 
   1300.8  3.273    1.2 
   1302.0  3.234    1.2 
   1303.2   3.18    1.2 
   1304.4  3.107    1.2 
   1305.6  3.046    1.2 
   1306.8  2.998    1.2 
   1308.0  2.975    1.0 
   1309.0   2.94    1.2 
   1310.2  2.919    1.2 
   1311.4  2.922    1.2 
   1312.6  2.891    1.2 
   1313.8  2.913    1.2 
   1315.0  2.922    1.2 
   1316.2  2.895    1.2 
   1317.4  2.894    1.2 
   1318.6   2.91    1.2 
   1319.8  2.935    1.0 
   1320.8  2.957    1.2 
   1322.0  2.976    1.2 
   1323.2   2.98    1.2 
   1324.4  2.986    1.2 
   1325.6  2.984    1.2 
   1326.8  3.029    1.2 
   1328.0  3.001    1.2 
   1329.2   3.01    1.2 
   1330.4  3.049    1.2 
   1331.6  3.094    1.0 
   1332.6  3.114    1.2 
   1333.8  3.132    1.2 
   1335.0  3.101    1.2 
   1336.2  3.026    1.2 
   1337.4  2.979    1.2 
   1338.6   2.96    1.2 
   1339.8   2.99    1.2 
   1341.0  3.029    1.2 
   1342.2  3.015    1.2 
   1343.4  2.986    1.0 
   1344.4  2.961    1.2 
   1345.6  2.969    1.2 
   1346.8  2.953    1.2 
   1348.0  2.935    1.2 
   1349.2  2.963    1.2 
   1350.4   2.96    1.2 
   1351.6  2.956    1.2 
   1352.8  2.971    1.2 
   1354.0  2.971    1.2 
   1355.2  2.945    1.0 
   1356.2  2.974    1.2 
   1357.4  2.948    1.2 
   1358.6  2.967    1.2 
   1359.8  2.995    1.2 
   1361.0  2.991    1.2 
   1362.2  2.987    1.2 
   1363.4  3.021    1.2 
   1364.6  3.041    1.2 
   1365.8  3.016    1.0 
   1366.8  3.027    1.2 
   1368.0  3.055    1.2 
   1369.2  3.035    1.2 
   1370.4  3.041    1.2 
   1371.6  3.056    1.2 
   1372.8  3.048    1.2 
   1374.0  3.095    1.2 
   1375.2  3.093    1.2 
   1376.4  3.103    1.2 
   1377.6  3.094    1.0 
   1378.6  3.132    1.2 
   1379.8  3.119    1.2 
   1381.0   3.11    1.2 
   1382.2  3.122    1.2 
   1383.4  3.169    1.2 
   1384.6  3.141    1.2 
   1385.8  3.194    1.2 
   1387.0  3.231    1.2 
   1388.2  3.291    1.2 
   1389.4  3.384    1.0 
   1390.4  3.512    1.2 
   1391.6  3.582    1.2 
   1392.8  3.576    1.2 
   1394.0  3.475    1.2 
   1395.2  3.383    1.2 
   1396.4  3.381    1.2 
   1397.6  3.316    1.2 
   1398.8  3.333    1.2 
   1400.0  3.427    1.2 
   1401.2  3.425    1.0 
   1402.2  3.413    1.2 
   1403.4  3.342    1.2 
   1404.6  3.264    1.2 
   1405.8  3.203    1.2 
   1407.0  3.217    1.2 
   1408.2  3.225    1.2 
   1409.4  3.207    1.2 
   1410.6  3.206    1.2 
   1411.8  3.195    1.2 
   1413.0  3.205    1.0 
   1414.0   3.22    1.2 
   1415.2  3.221    1.2 
   1416.4  3.222    1.2 
   1417.6  3.208    1.2 
   1418.8  3.185    1.2 
   1420.0  3.213    1.2 
   1421.2  3.193    1.2 
   1422.4  3.155    1.2 
   1423.6  3.142    1.2 
   1424.8  3.179    1.0 
   1425.8  3.164    1.2 
   1427.0  3.174    1.2 
   1428.2  3.159    1.2 
   1429.4  3.143    1.2 
   1430.6   3.14    1.2 
   1431.8  3.146    1.2 
   1433.0  3.133    1.2 
   1434.2  3.166    1.2 
   1435.4  3.152    1.2 
   1436.6  3.133    1.0 
   1437.6   3.11    1.2 
   1438.8  3.089    1.2 
   1440.0  3.071    1.2 
   1441.2  3.072    1.2 
   1442.4  3.059    1.2 
   1443.6  3.078    1.2 
   1444.8  3.083    1.2 
   1446.0  3.087    1.2 
   1447.2  3.079    1.2 
   1448.4  3.098    1.0 
   1449.4  3.095    1.2 
   1450.6  3.083    1.2 
   1451.8  3.091    1.2 
   1453.0  3.093    1.2 
   1454.2  3.083    1.2 
   1455.4   3.06    1.2 
   1456.6  3.043    1.2 
   1457.8  3.079    1.2 
   1459.0  3.071    1.0 
   1460.0  3.069    1.2 
   1461.2  3.091    1.2 
   1462.4  3.096    1.2 
   1463.6   3.12    1.2 
   1464.8  3.116    1.2 
   1466.0  3.102    1.2 
   1467.2  3.116    1.2 
   1468.4  3.118    1.2 
   1469.6  3.116    1.2 
   1470.8  3.087    1.0 
   1471.8  3.106    1.2 
   1473.0  3.105    1.2 
   1474.2  3.105    1.2 
   1475.4  3.102    1.2 
   1476.6   3.08    1.2 
   1477.8  3.079    1.2 
   1479.0  3.074    1.2 
   1480.2  3.058    1.2 
   1481.4   3.09    1.2 
   1482.6  3.104    1.0 
   1483.6  3.087    1.2 
   1484.8   3.08    1.2 
   1486.0  3.034    1.2 
   1487.2  3.002    1.2 
   1488.4  3.034    1.2 
   1489.6  3.054    1.2 
   1490.8  3.063    1.2 
   1492.0  3.099    1.2 
   1493.2  3.135    1.2 
   1494.4  3.118    1.0 
   1495.4  3.092    1.2 
   1496.6  3.141    1.2 
   1497.8  3.169    1.2 
   1499.0  3.198    1.2 
   1500.2  3.197    1.2 
   1501.4  3.187    1.2 
   1502.6  3.207    1.2 
   1503.8  3.188    1.2 
   1505.0  3.163    1.2 
   1506.2   3.16    1.0 
   1507.2  3.167    1.2 
   1508.4  3.181    1.2 
   1509.6  3.226    1.2 
   1510.8  3.262    1.2 
   1512.0  3.246    1.2 
   1513.2  3.261    1.2 
   1514.4  3.291    1.2 
   1515.6  3.272    1.2 
   1516.8  3.229    1.2 
   1518.0  3.229    1.0 
   1519.0  3.176    1.2 
   1520.2   3.17    1.2 
   1521.4  3.172    1.2 
   1522.6  3.163    1.2 
   1523.8   3.22    1.2 
   1525.0  3.243    1.2 
   1526.2  3.285    1.2 
   1527.4  3.319    1.2 
   1528.6  3.342    1.2 
   1529.8  3.357    1.0 
   1530.8  3.408    1.2 
   1532.0  3.394    1.2 
   1533.2  3.396    1.2 
   1534.4   3.37    1.2 
   1535.6  3.391    1.2 
   1536.8  3.401    1.2 
   1538.0  3.385    1.2 
   1539.2  3.371    1.2 
   1540.4  3.368    1.0 
   1541.4  3.385    1.2 
   1542.6  3.391    1.2 
   1543.8  3.454    1.2 
   1545.0   3.57    1.2 
   1546.2  3.599    1.2 
   1547.4   3.62    1.2 
   1548.6  3.622    1.2 
   1549.8  3.583    1.2 
   1551.0  3.478    1.2 
   1552.2  3.379    1.0 
   1553.2  3.343    1.2 
   1554.4  3.322    1.2 
   1555.6   3.33    1.2 
   1556.8  3.292    1.2 
   1558.0  3.283    1.2 
   1559.2   3.32    1.2 
   1560.4  3.309    1.2 
   1561.6  3.293    1.2 
   1562.8  3.348    1.2 
   1564.0  3.349    1.0 
   1565.0  3.316    1.2 
   1566.2  3.276    1.2 
   1567.4  3.291    1.2 
   1568.6  3.311    1.2 
   1569.8  3.298    1.2 
   1571.0  3.269    1.2 
   1572.2  3.282    1.2 
   1573.4  3.261    1.2 
   1574.6  3.257    1.2 
   1575.8  3.264    1.0 
   1576.8  3.266    1.2 
   1578.0  3.296    1.2 
   1579.2  3.312    1.2 
   1580.4   3.28    1.2 
   1581.6  3.268    1.2 
   1582.8  3.249    1.2 
   1584.0  3.233    1.2 
   1585.2  3.209    1.2 
   1586.4  3.201    1.2 
   1587.6  3.208    1.0 
   1588.6  3.212    1.2 
   1589.8  3.233    1.2 
   1591.0  3.258    1.2 
   1592.2  3.266    1.2 
   1593.4  3.264    1.2 
   1594.6  3.266    1.2 
   1595.8  3.265    1.2 
   1597.0  3.261    1.2 
   1598.2  3.255    1.2 
   1599.4  3.243    1.0 
   1600.4  3.268    1.2 
   1601.6  3.312    1.2 
   1602.8  3.277    1.2 
   1604.0  3.271    1.2 
   1605.2  3.271    1.2 
   1606.4  3.272    1.2 
   1607.6  3.284    1.2 
   1608.8  3.297    1.2 
   1610.0  3.304    1.2 
   1611.2  3.276    1.0 
   1612.2  3.237    1.2 
   1613.4  3.236    1.2 
   1614.6  3.216    1.2 
   1615.8  3.222    1.2 
   1617.0   3.23    1.2 
   1618.2  3.256    1.2 
   1619.4  3.231    1.2 
   1620.6  3.206    1.2 
   1621.8  3.218    1.2 
   1623.0  3.231    1.0 
   1624.0    3.2    1.2 
   1625.2  3.192    1.2 
   1626.4  3.211    1.2 
   1627.6   3.21    1.2 
   1628.8  3.222    1.2 
   1630.0  3.231    1.2 
   1631.2  3.218    1.2 
   1632.4  3.209    1.2 
   1633.6  3.206    1.0 
   1634.6  3.213    1.2 
   1635.8  3.229    1.2 
   1637.0  3.221    1.2 
   1638.2  3.178    1.2 
   1639.4   3.21    1.2 
   1640.6  3.192    1.2 
   1641.8  3.185    1.2 
   1643.0  3.163    1.2 
   1644.2   3.15    1.2 
   1645.4  3.131    1.0 
   1646.4  3.118    1.2 
   1647.6  3.137    1.2 
   1648.8  3.139    1.2 
   1650.0  3.162    1.2 
   1651.2  3.157    1.2 
   1652.4  3.137    1.2 
   1653.6  3.158    1.2 
   1654.8  3.156    1.2 
   1656.0  3.149    1.2 
   1657.2   3.15    1.0 
   1658.2  3.162    1.2 
   1659.4  3.156    1.2 
   1660.6  3.157    1.2 
   1661.8  3.159    1.2 
   1663.0  3.187    1.2 
   1664.2  3.172    1.2 
   1665.4  3.165    1.2 
   1666.6  3.181    1.2 
   1667.8  3.167    1.2 
   1669.0  3.167    1.0 
   1670.0  3.185    1.2 
   1671.2  3.185    1.2 
   1672.4   3.19    1.2 
   1673.6  3.189    1.2 
   1674.8  3.176    1.2 
   1676.0   3.16    1.2 
   1677.2  3.136    1.2 
   1678.4  3.127    1.2 
   1679.6  3.144    1.2 
   1680.8  3.144    1.0 
   1681.8  3.141    1.2 
   1683.0  3.134    1.2 
   1684.2  3.124    1.2 
   1685.4  3.124    1.2 
   1686.6   3.14    1.2 
   1687.8   3.14    1.2 
   1689.0  3.135    1.2 
   1690.2  3.158    1.2 
   1691.4  3.164    1.2 
   1692.6  3.161    1.0 
   1693.6  3.166    1.2 
   1694.8  3.144    1.2 
   1696.0  3.151    1.2 
   1697.2  3.159    1.2 
   1698.4  3.158    1.2 
   1699.6  3.156    1.2 
   1700.8   3.16    1.2 
   1702.0  3.167    1.2 
   1703.2   3.18    1.2 
   1704.4  3.186    1.0 
   1705.4  3.194    1.2 
   1706.6  3.187    1.2 
   1707.8  3.218    1.2 
   1709.0  3.228    1.2 
   1710.2  3.223    1.2 
   1711.4  3.223    1.2 
   1712.6  3.217    1.2 
   1713.8  3.218    1.2 
   1715.0  3.222    1.2 
   1716.2  3.252    1.0 
   1717.2  3.283    1.2 
   1718.4  3.272    1.2 
   1719.6  3.301    1.2 
   1720.8  3.307    1.2 
   1722.0  3.283    1.2 
   1723.2  3.282    1.2 
   1724.4  3.243    1.2 
   1725.6  3.207    1.2 
   1726.8  3.195    1.0 
   1727.8  3.173    1.2 
   1729.0  3.159    1.2 
   1730.2  3.154    1.2 
   1731.4  3.145    1.2 
   1732.6  3.151    1.2 
   1733.8  3.156    1.2 
   1735.0  3.154    1.2 
   1736.2  3.152    1.2 
   1737.4  3.174    1.2 
   1738.6   3.21    1.0 
   1739.6  3.209    1.2 
   1740.8  3.195    1.2 
   1742.0  3.195    1.2 
   1743.2  3.188    1.2 
   1744.4  3.193    1.2 
   1745.6    3.2    1.2 
   1746.8  3.197    1.2 
   1748.0  3.203    1.2 
   1749.2  3.207    1.2 
   1750.4  3.193    1.0 
   1751.4  3.176    1.2 
   1752.6  3.139    1.2 
   1753.8  3.113    1.2 
   1755.0  3.112    1.2 
   1756.2   3.14    1.2 
   1757.4  3.134    1.2 
   1758.6  3.123    1.2 
   1759.8  3.141    1.2 
   1761.0  3.155    1.2 
   1762.2  3.146    1.0 
   1763.2  3.137    1.2 
   1764.4  3.134    1.2 
   1765.6  3.132    1.2 
   1766.8  3.131    1.2 
   1768.0  3.123    1.2 
   1769.2   3.15    1.2 
   1770.4  3.162    1.2 
   1771.6   3.17    1.2 
   1772.8  3.177    1.2 
   1774.0  3.181    1.0 
   1775.0  3.188    1.2 
   1776.2  3.179    1.2 
   1777.4  3.153    1.2 
   1778.6  3.145    1.2 
   1779.8  3.136    1.2 
   1781.0  3.142    1.2 
   1782.2  3.136    1.2 
   1783.4  3.125    1.2 
   1784.6   3.14    1.2 
   1785.8  3.168    1.0 
   1786.8  3.181    1.2 
   1788.0  3.185    1.2 
   1789.2   3.18    1.2 
   1790.4  3.142    1.2 
   1791.6   3.14    1.2 
   1792.8  3.137    1.2 
   1794.0  3.136    1.2 
   1795.2  3.141    1.2 
   1796.4  3.127    1.2 
   1797.6  3.122    1.0 
   1798.6  3.104    1.2 
   1799.8  3.091    1.2 
   1801.0  3.092    1.2 
   1802.2  3.092    1.2 
   1803.4  3.083    1.2 
   1804.6  3.106    1.2 
   1805.8  3.111    1.2 
   1807.0  3.116    1.2 
   1808.2  3.124    1.2 
   1809.4  3.141    1.0 
   1810.4  3.154    1.2 
   1811.6  3.165    1.2 
   1812.8  3.179    1.2 
   1814.0  3.179    1.2 
   1815.2   3.17    1.2 
   1816.4  3.158    1.2 
   1817.6  3.152    1.2 
   1818.8  3.154    1.2 
   1820.0  3.153    1.0 
   1821.0  3.154    1.2 
   1822.2  3.154    1.2 
   1823.4  3.168    1.2 
   1824.6  3.159    1.2 
   1825.8  3.153    1.2 
   1827.0  3.148    1.2 
   1828.2  3.153    1.2 
   1829.4  3.153    1.2 
   1830.6  3.146    1.2 
   1831.8  3.156    1.0 
   1832.8   3.16    1.2 
   1834.0   3.17    1.2 
   1835.2  3.179    1.2 
   1836.4  3.194    1.2 
   1837.6  3.194    1.2 
   1838.8   3.21    1.2 
   1840.0  3.234    1.2 
   1841.2  3.265    1.2 
   1842.4  3.268    1.2 
   1843.6  3.276    1.0 
   1844.6  3.289    1.2 
   1845.8  3.288    1.2 
   1847.0  3.289    1.2 
   1848.2  3.299    1.2 
   1849.4  3.316    1.2 
   1850.6  3.327    1.2 
   1851.8  3.333    1.2 
   1853.0  3.334    1.2 
   1854.2  3.324    1.2 
   1855.4  3.303    1.0 
   1856.4  3.294    1.2 
   1857.6  3.298    1.2 
   1858.8   3.29    1.2 
   1860.0  3.295    1.2 
   1861.2  3.304    1.2 
   1862.4  3.302    1.2 
   1863.6  3.288    1.2 
   1864.8  3.273    1.2 
   1866.0  3.247    1.2 
   1867.2  3.236    1.0 
   1868.2  3.215    1.2 
   1869.4  3.206    1.2 
   1870.6   3.19    1.2 
   1871.8  3.168    1.2 
   1873.0  3.169    1.2 
   1874.2  3.167    1.2 
   1875.4  3.168    1.2 
   1876.6  3.188    1.2 
   1877.8  3.201    1.2 
   1879.0  3.234    1.0 
   1880.0  3.275    1.2 
   1881.2  3.285    1.2 
   1882.4  3.297    1.2 
   1883.6  3.325    1.2 
   1884.8  3.349    1.2 
   1886.0  3.373    1.2 
   1887.2  3.386    1.2 
   1888.4  3.394    1.2 
   1889.6  3.408    1.2 
   1890.8  3.408    1.0 
   1891.8  3.408    1.2 
   1893.0  3.402    1.2 
   1894.2  3.381    1.2 
   1895.4  3.345    1.2 
   1896.6  3.322    1.2 
   1897.8  3.317    1.2 
   1899.0  3.306    1.2 
   1900.2    3.3    1.2 
   1901.4  3.304    1.0 
   1902.4  3.309    1.2 
   1903.6  3.319    1.2 
   1904.8  3.327    1.2 
   1906.0  3.333    1.2 
   1907.2  3.333    1.2 
   1908.4  3.327    1.2 
   1909.6  3.331    1.2 
   1910.8  3.346    1.2 
   1912.0  3.365    1.2 
   1913.2  3.383    1.0 
   1914.2  3.386    1.2 
   1915.4  3.387    1.2 
   1916.6  3.377    1.2 
   1917.8  3.354    1.2 
   1919.0  3.358    1.2 
   1920.2  3.368    1.2 
   1921.4  3.363    1.2 
   1922.6  3.344    1.2 
   1923.8  3.342    1.2 
   1925.0  3.343    1.0 
   1926.0  3.364    1.2 
   1927.2  3.397    1.2 
   1928.4  3.378    1.2 
   1929.6  3.339    1.2 
   1930.8  3.313    1.2 
   1932.0    3.3    1.2 
   1933.2  3.327    1.2 
   1934.4  3.327    1.2 
   1935.6  3.338    1.2 
   1936.8  3.348    1.0 
   1937.8  3.342    1.2 
   1939.0  3.345    1.2 
   1940.2  3.328    1.2 
   1941.4  3.313    1.2 
   1942.6  3.301    1.2 
   1943.8  3.298    1.2 
   1945.0  3.303    1.2 
   1946.2   3.31    1.2 
   1947.4  3.317    1.2 
   1948.6  3.318    1.0 
   1949.6  3.337    1.2 
   1950.8  3.357    1.2 
   1952.0  3.366    1.2 
   1953.2  3.356    1.2 
   1954.4  3.348    1.2 
   1955.6  3.335    1.2 
   1956.8  3.331    1.2 
   1958.0   3.36    1.2 
   1959.2  3.347    1.2 
   1960.4  3.339    1.0 
   1961.4  3.345    1.2 
   1962.6  3.319    1.2 
   1963.8  3.298    1.2 
   1965.0  3.278    1.2 
   1966.2  3.263    1.2 
   1967.4  3.244    1.2 
   1968.6  3.225    1.2 
   1969.8  3.208    0.4 
   1970.2  3.282    1.8 
   1972.0  3.251    1.8 
   1973.8  3.224    2.0 
   1975.8  3.206    1.8 
   1977.6  3.238    1.8 
   1979.4  3.216    2.0 
   1981.4   3.21    1.8 
   1983.2  3.233    1.8 
   1985.0  3.236    2.0 
   1987.0   3.21    1.8 
   1988.8  3.234    1.8 
   1990.6   3.28    2.0 
   1992.6  3.275    1.8 
   1994.4  3.311    1.8 
   1996.2  3.267    2.0 
   1998.2  3.297    1.8 
   2000.0  3.342    1.8 
   2001.8  3.294    2.0 
   2003.8  3.277    1.8 
   2005.6  3.274    1.8 
   2007.4  3.277    2.0 
   2009.4  3.241    1.8 
   2011.2  3.211    2.0 
   2013.2  3.231    1.8 
   2015.0  3.233    1.8 
   2016.8   3.26    2.0 
   2018.8  3.226    1.8 
   2020.6  3.217    1.8 
   2022.4  3.178    2.0 
   2024.4  3.201    1.8 
   2026.2  3.216    1.8 
   2028.0  3.237    2.0 
   2030.0  3.239    1.8 
   2031.8  3.227    1.8 
   2033.6   3.24    2.0 
   2035.6  3.273    1.8 
   2037.4  3.302    1.8 
   2039.2  3.276    2.0 
   2041.2  3.276    1.8 
   2043.0  3.298    1.8 
   2044.8  3.321    2.0 
   2046.8  3.288    1.8 
   2048.6  3.241    1.8 
   2050.4  3.255    2.0 
   2052.4  3.268    1.8 
   2054.2  3.261    1.8 
   2056.0  3.262    2.0 
   2058.0  3.266    1.8 
   2059.8  3.272    2.0 
   2061.8   3.27    1.8 
   2063.6  3.244    1.8 
   2065.4  3.257    2.0 
   2067.4  3.262    1.8 
   2069.2  3.269    1.8 
   2071.0  3.256    2.0 
   2073.0  3.264    1.8 
   2074.8  3.275    1.8 
   2076.6  3.293    2.0 
   2078.6  3.236    1.8 
   2080.4  3.205    1.8 
   2082.2  3.208    2.0 
   2084.2  3.267    1.8 
   2086.0  3.299    1.8 
   2087.8  3.239    2.0 
   2089.8  3.245    1.8 
   2091.6  3.237    1.8 
   2093.4  3.268    2.0 
   2095.4  3.264    1.8 
   2097.2  3.293    1.8 
   2099.0  3.281    2.0 
   2101.0  3.272    1.8 
   2102.8  3.294    2.0 
   2104.8  3.279    1.8 
   2106.6  3.265    1.8 
   2108.4  3.243    2.0 
   2110.4  3.233    1.8 
   2112.2   3.22    1.8 
   2114.0  3.214    2.0 
   2116.0  3.217    1.8 
   2117.8  3.289    1.8 
   2119.6  3.301    2.0 
   2121.6  3.319    1.8 
   2123.4  3.257    1.8 
   2125.2  3.256    2.0 
   2127.2  3.214    1.8 
   2129.0   3.24    1.8 
   2130.8  3.211    2.0 
   2132.8  3.156    1.8 
   2134.6  3.188    1.8 
   2136.4  3.194    2.0 
   2138.4  3.202    1.8 
   2140.2  3.234    1.8 
   2142.0   3.26    2.0 
   2144.0  3.248    1.8 
   2145.8  3.248    1.8 
   2147.6  3.254    2.0 
   2149.6  3.272    1.8 
   2151.4  3.288    2.0 
   2153.4   3.27    1.8 
   2155.2  3.224    1.8 
   2157.0  3.187    2.0 
   2159.0  3.221    1.8 
   2160.8  3.258    1.8 
   2162.6   3.27    2.0 
   2164.6  3.239    1.8 
   2166.4  3.247    1.8 
   2168.2  3.234    2.0 
   2170.2  3.204    1.8 
   2172.0  3.225    1.8 
   2173.8  3.248    2.0 
   2175.8  3.244    1.8 
   2177.6   3.19    1.8 
   2179.4  3.191    2.0 
   2181.4  3.205    1.8 
   2183.2  3.206    1.8 
   2185.0   3.22    2.0 
   2187.0  3.252    1.8 
   2188.8  3.225    1.8 
   2190.6  3.197    2.0 
   2192.6  3.246    1.8 
   2194.4  3.256    1.8 
   2196.2  3.257    2.0 
   2198.2  3.252    1.8 
   2200.0  3.224    2.0 
   2202.0  3.246    1.8 
   2203.8  3.262    1.8 
   2205.6  3.259    2.0 
   2207.6  3.222    1.8 
   2209.4  3.217    1.8 
   2211.2   3.26    2.0 
   2213.2  3.256    1.8 
   2215.0  3.251    1.8 
   2216.8   3.25    2.0 
   2218.8  3.272    1.8 
   2220.6  3.289    1.8 
   2222.4  3.289    2.0 
   2224.4  3.271    1.8 
   2226.2  3.271    1.8 
   2228.0  3.277    2.0 
   2230.0  3.274    1.8 
   2231.8  3.288    1.8 
   2233.6  3.297    2.0 
   2235.6  3.284    1.8 
   2237.4  3.299    1.8 
   2239.2   3.32    2.0 
   2241.2  3.274    1.8 
   2243.0  3.268    2.0 
   2245.0  3.287    1.8 
   2246.8  3.313    1.8 
   2248.6  3.264    2.0 
   2250.6  3.286    1.8 
   2252.4  3.259    1.8 
   2254.2  3.253    2.0 
   2256.2  3.261    1.8 
   2258.0  3.276    1.8 
   2259.8   3.24    2.0 
   2261.8  3.227    1.8 
   2263.6  3.288    1.8 
   2265.4  3.292    2.0 
   2267.4  3.281    1.8 
   2269.2  3.264    1.8 
   2271.0  3.243    2.0 
   2273.0  3.201    1.8 
   2274.8  3.234    1.8 
   2276.6  3.185    2.0 
   2278.6  3.225    1.8 
   2280.4  3.225    1.8 
   2282.2  3.192    2.0 
   2284.2  3.249    1.8 
   2286.0  3.258    1.8 
   2287.8  3.253    2.0 
   2289.8  3.237    1.8 
   2291.6  3.239    2.0 
   2293.6  3.286    1.8 
   2295.4  3.259    1.8 
   2297.2  3.231    2.0 
   2299.2   3.27    1.8 
   2301.0  3.283    1.8 
   2302.8  3.316    2.0 
   2304.8  3.273    1.8 
   2306.6  3.228    1.8 
   2308.4  3.229    2.0 
   2310.4  3.226    1.8 
   2312.2  3.207    1.8 
   2314.0  3.191    2.0 
   2316.0  3.202    1.8 
   2317.8  3.238    1.8 
   2319.6  3.232    2.0 
   2321.6  3.289    1.8 
   2323.4  3.301    1.8 
   2325.2  3.227    2.0 
   2327.2  3.272    1.8 
   2329.0  3.271    1.8 
   2330.8  3.267    2.0 
   2332.8  3.321    1.8 
   2334.6  3.256    1.8 
   2336.4  3.221    2.0 
   2338.4  3.278    1.8 
   2340.2  3.289    2.0 
   2342.2  3.315    1.8 
   2344.0  3.262    1.8 
   2345.8  3.265    2.0 
   2347.8  3.265    1.8 
   2349.6   3.23    1.8 
   2351.4  3.204    2.0 
   2353.4  3.241    1.8 
   2355.2  3.244    1.8 
   2357.0  3.228    2.0 
   2359.0  3.185    1.8 
   2360.8  3.199    1.8 
   2362.6  3.267    2.0 
   2364.6  3.251    1.8 
   2366.4  3.257    1.8 
   2368.2   3.23    2.0 
   2370.2  3.223    1.8 
   2372.0   3.22    1.8 
   2373.8  3.289    2.0 
   2375.8  3.268    1.8 
   2377.6  3.259    1.8 
   2379.4  3.263    2.0 
   2381.4  3.273    1.8 
   2383.2  3.296    2.0 
   2385.2  3.294    1.8 
   2387.0  3.302    1.8 
   2388.8   3.28    2.0 
   2390.8  3.236    1.8 
   2392.6  3.277    1.8 
   2394.4  3.238    2.0 
   2396.4  3.252    1.8 
   2398.2  3.245    1.8 
   2400.0  3.266    2.0 
   2402.0  3.249    1.8 
   2403.8  3.274    1.8 
   2405.6  3.251    2.0 
   2407.6  3.296    1.8 
   2409.4  3.297    1.8 
   2411.2  3.273    2.0 
   2413.2   3.22    1.8 
   2415.0  3.299    1.8 
   2416.8  3.265    2.0 
   2418.8  3.266    1.8 
   2420.6   3.26    1.8 
   2422.4   3.29    2.0 
   2424.4  3.266    1.8 
   2426.2  3.271    1.8 
   2428.0  3.247    2.0 
   2430.0  3.241    1.8 
   2431.8  3.145    2.0 
   2433.8  3.206    1.8 
   2435.6  3.237    1.8 
   2437.4  3.235    2.0 
   2439.4  3.236    1.8 
   2441.2  3.234    1.8 
   2443.0  3.225    2.0 
   2445.0  3.239    1.8 
   2446.8   3.23    1.8 
   2448.6  3.221    2.0 
   2450.6  3.204    1.8 
   2452.4  3.197    1.8 
   2454.2    3.2    2.0 
   2456.2  3.203    1.8 
   2458.0  3.208    1.8 
   2459.8  3.201    2.0 
   2461.8  3.238    1.8 
   2463.6  3.256    1.8 
   2465.4  3.246    2.0 
   2467.4  3.247    1.8 
   2469.2  3.259    1.8 
   2471.0  3.278    2.0 
   2473.0   3.32    1.8 
   2474.8  3.299    1.8 
   2476.6  3.291    2.0 
   2478.6  3.255    1.8 
   2480.4  3.276    2.0 
   2482.4  3.242    1.8 
   2484.2  3.241    1.8 
   2486.0  3.244    2.0 
   2488.0  3.256    1.8 
   2489.8  3.263    1.8 
   2491.6   3.26    2.0 
   2493.6  3.267    1.8 
   2495.4  3.261    1.8 
   2497.2  3.248    2.0 
   2499.2  3.211    1.8 
   2501.0    3.2    1.8 
   2502.8  3.212    2.0 
   2504.8   3.25    1.8 
   2506.6  3.238    1.8 
   2508.4  3.239    2.0 
   2510.4  3.236    1.8 
   2512.2  3.274    1.8 
   2514.0  3.286    2.0 
   2516.0  3.271    1.8 
   2517.8  3.293    1.8 
   2519.6  3.268    2.0 
   2521.6  3.263    1.8 
   2523.4  3.267    2.0 
   2525.4  3.291    1.8 
   2527.2  3.295    1.8 
   2529.0  3.259    2.0 
   2531.0  3.275    1.8 
   2532.8  3.337    1.8 
   2534.6  3.301    2.0 
   2536.6  3.289    1.8 
   2538.4   3.26    1.8 
   2540.2  3.275    2.0 
   2542.2  3.289    1.8 
   2544.0  3.309    1.8 
   2545.8  3.337    2.0 
   2547.8  3.311    1.8 
   2549.6  3.289    1.8 
   2551.4  3.293    2.0 
   2553.4   3.33    1.8 
   2555.2  3.306    1.8 
   2557.0  3.314    2.0 
   2559.0  3.326    1.8 
   2560.8  3.294    1.8 
   2562.6  3.241    2.0 
   2564.6  3.265    1.8 
   2566.4  3.297    1.8 
   2568.2  3.287    2.0 
   2570.2  3.267    1.8 
   2572.0  3.278    2.0 
   2574.0   3.27    1.8 
   2575.8  3.243    1.8 
   2577.6  3.245    2.0 
   2579.6  3.279    1.8 
   2581.4  3.285    1.8 
   2583.2  3.277    2.0 
   2585.2  3.283    1.8 
   2587.0  3.293    1.8 
   2588.8  3.301    2.0 
   2590.8  3.319    1.8 
   2592.6  3.336    1.8 
   2594.4  3.312    2.0 
   2596.4  3.285    1.8 
   2598.2  3.268    1.8 
   2600.0   3.28    2.0 
   2602.0  3.285    1.8 
   2603.8  3.276    1.8 
   2605.6  3.276    2.0 
   2607.6  3.262    1.8 
   2609.4   3.26    1.8 
   2611.2  3.278    2.0 
   2613.2  3.263    1.8 
   2615.0  3.271    1.8 
   2616.8  3.238    2.0 
   2618.8  3.256    1.8 
   2620.6  3.289    2.0 
   2622.6  3.281    1.8 
   2624.4  3.267    1.8 
   2626.2  3.268    2.0 
   2628.2  3.275    1.8 
   2630.0  3.296    1.8 
   2631.8  3.313    2.0 
   2633.8  3.281    1.8 
   2635.6  3.286    1.8 
   2637.4  3.278    2.0 
   2639.4  3.277    1.8 
   2641.2  3.284    1.8 
   2643.0  3.302    2.0 
   2645.0    3.3    1.8 
   2646.8  3.305    1.8 
   2648.6  3.303    2.0 
   2650.6  3.283    1.8 
   2652.4  3.285    1.8 
   2654.2  3.249    2.0 
   2656.2  3.264    1.8 
   2658.0  3.277    1.8 
   2659.8  3.268    2.0 
   2661.8  3.276    1.8 
   2663.6  3.262    2.0 
   2665.6  3.277    1.8 
   2667.4  3.272    1.8 
   2669.2  3.259    2.0 
   2671.2  3.263    1.8 
   2673.0  3.268    1.8 
   2674.8  3.274    2.0 
   2676.8  3.307    1.8 
   2678.6  3.264    1.8 
   2680.4  3.234    2.0 
   2682.4  3.253    1.8 
   2684.2  3.275    1.8 
   2686.0  3.282    2.0 
   2688.0  3.293    1.8 
   2689.8  3.266    1.8 
   2691.6  3.247    2.0 
   2693.6   3.29    1.8 
   2695.4  3.314    1.8 
   2697.2  3.352    2.0 
   2699.2  3.359    1.8 
   2701.0  3.337    1.8 
   2702.8  3.315    2.0 
   2704.8  3.308    1.8 
   2706.6  3.299    1.8 
   2708.4  3.286    2.0 
   2710.4  3.305    1.8 
   2712.2  3.304    2.0 
   2714.2  3.293    1.8 
   2716.0  3.303    1.8 
   2717.8   3.33    2.0 
   2719.8  3.319    1.8 
   2721.6  3.329    1.8 
   2723.4  3.314    2.0 
   2725.4  3.354    1.8 
   2727.2  3.365    1.8 
   2729.0  3.313    2.0 
   2731.0  3.294    1.8 
   2732.8  3.299    1.8 
   2734.6  3.267    2.0 
   2736.6   3.24    1.8 
   2738.4   3.25    1.8 
   2740.2  3.268    2.0 
   2742.2  3.311    1.8 
   2744.0  3.323    1.8 
   2745.8  3.326    2.0 
   2747.8  3.313    1.8 
   2749.6  3.326    1.8 
   2751.4  3.292    2.0 
   2753.4  3.272    1.8 
   2755.2  3.297    1.8 
   2757.0    3.3    2.0 
   2759.0  3.311    1.8 
   2760.8  3.291    2.0 
   2762.8  3.315    1.8 
   2764.6  3.317    1.8 
   2766.4  3.341    2.0 
   2768.4  3.304    1.8 
   2770.2  3.303    1.8 
   2772.0  3.303    2.0 
   2774.0  3.296    1.8 
   2775.8  3.296    1.8 
   2777.6  3.312    2.0 
   2779.6  3.314    1.8 
   2781.4  3.308    1.8 
   2783.2   3.31    2.0 
   2785.2  3.311    1.8 
   2787.0  3.324    1.8 
   2788.8  3.318    2.0 
   2790.8  3.312    1.8 
   2792.6  3.317    1.8 
   2794.4  3.329    2.0 
   2796.4  3.323    1.8 
   2798.2   3.33    1.8 
   2800.0  3.343    2.0 
   2802.0  3.365    1.8 
   2803.8  3.319    2.0 
   2805.8  3.312    1.8 
   2807.6  3.355    1.8 
   2809.4  3.341    2.0 
   2811.4  3.308    1.8 
   2813.2  3.291    1.8 
   2815.0  3.305    2.0 
   2817.0  3.259    1.8 
   2818.8  3.282    1.8 
   2820.6  3.299    2.0 
   2822.6  3.307    1.8 
   2824.4  3.337    1.8 
   2826.2  3.314    2.0 
   2828.2  3.295    1.8 
   2830.0  3.324    1.8 
   2831.8  3.371    2.0 
   2833.8  3.374    1.8 
   2835.6  3.348    1.8 
   2837.4  3.366    2.0 
   2839.4  3.367    1.8 
   2841.2  3.347    1.8 
   2843.0  3.337    2.0 
   2845.0  3.338    1.8 
   2846.8  3.348    1.8 
   2848.6  3.327    2.0 
   2850.6  3.298    1.8 
   2852.4  3.279    2.0 
   2854.4  3.329    1.8 
   2856.2  3.329    1.8 
   2858.0  3.298    2.0 
   2860.0  3.307    1.8 
   2861.8  3.281    1.8 
   2863.6   3.31    2.0 
   2865.6  3.305    1.8 
   2867.4  3.281    1.8 
   2869.2  3.293    2.0 
   2871.2  3.328    1.8 
   2873.0  3.384    1.8 
   2874.8  3.384    2.0 
   2876.8  3.372    1.8 
   2878.6  3.346    1.8 
   2880.4  3.337    2.0 
   2882.4  3.344    1.8 
   2884.2  3.376    1.8 
   2886.0  3.372    2.0 
   2888.0  3.315    1.8 
   2889.8  3.342    1.8 
   2891.6  3.322    2.0 
   2893.6  3.296    1.8 
   2895.4  3.317    1.8 
   2897.2   3.32    2.0 
   2899.2  3.335    1.8 
   2901.0  3.352    2.0 
   2903.0  3.348    1.8 
   2904.8  3.369    1.8 
   2906.6  3.355    2.0 
   2908.6  3.343    1.8 
   2910.4  3.327    1.8 
   2912.2   3.32    2.0 
   2914.2  3.321    1.8 
   2916.0  3.317    1.8 
   2917.8  3.318    2.0 
   2919.8  3.308    1.8 
   2921.6  3.324    1.8 
   2923.4  3.354    2.0 
   2925.4  3.365    1.8 
   2927.2  3.361    1.8 
   2929.0  3.351    2.0 
   2931.0  3.373    1.8 
   2932.8  3.377    1.8 
   2934.6  3.366    2.0 
   2936.6   3.37    1.8 
   2938.4  3.332    1.8 
   2940.2  3.321    2.0 
   2942.2  3.321    1.8 
   2944.0  3.369    2.0 
   2946.0   3.37    1.8 
   2947.8  3.402    1.8 
   2949.6  3.403    2.0 
   2951.6  3.403    1.8 
   2953.4  3.344    1.8 
   2955.2  3.331    2.0 
   2957.2  3.301    1.8 
   2959.0  3.303    1.8 
   2960.8  3.301    2.0 
   2962.8  3.366    1.8 
   2964.6  3.379    1.8 
   2966.4  3.383    2.0 
   2968.4  3.323    1.8 
   2970.2  3.318    1.8 
   2972.0  3.348    2.0 
   2974.0  3.361    1.8 
   2975.8  3.357    1.8 
   2977.6  3.377    2.0 
   2979.6   3.36    1.8 
   2981.4  3.346    1.8 
   2983.2  3.358    2.0 
   2985.2  3.363    1.8 
   2987.0  3.391    1.8 
   2988.8  3.377    2.0 
   2990.8  3.382    1.8 
   2992.6  3.404    2.0 
   2994.6  3.402    1.8 
   2996.4  3.399    1.8 
   2998.2  3.372    2.0 
   3000.2  3.354    1.8 
   3002.0  3.376    1.8 
   3003.8  3.395    2.0 
   3005.8  3.385    1.8 
   3007.6  3.353    1.8 
   3009.4  3.358    2.0 
   3011.4  3.337    1.8 
   3013.2  3.388    1.8 
   3015.0  3.373    2.0 
   3017.0  3.359    1.8 
   3018.8  3.348    1.8 
   3020.6  3.357    2.0 
   3022.6  3.366    1.8 
   3024.4   3.38    1.8 
   3026.2  3.346    2.0 
   3028.2  3.329    1.8 
   3030.0  3.358    1.8 
   3031.8  3.319    2.0 
   3033.8  3.365    1.8 
   3035.6   3.39    1.8 
   3037.4  3.357    2.0 
   3039.4  3.341    1.8 
   3041.2  3.363    2.0 
   3043.2  3.358    1.8 
   3045.0  3.354    1.8 
   3046.8  3.394    2.0 
   3048.8  3.367    1.8 
   3050.6  3.341    1.8 
   3052.4  3.305    2.0 
   3054.4  3.365    1.8 
   3056.2  3.378    1.8 
   3058.0  3.376    2.0 
   3060.0  3.349    1.8 
   3061.8  3.369    1.8 
   3063.6  3.382    2.0 
   3065.6   3.36    1.8 
   3067.4  3.384    1.8 
   3069.2  3.376    2.0 
   3071.2  3.374    1.8 
   3073.0  3.382    1.8 
   3074.8  3.385    2.0 
   3076.8  3.383    1.8 
   3078.6  3.358    1.8 
   3080.4  3.349    2.0 
   3082.4  3.341    1.8 
   3084.2  3.344    2.0 
   3086.2  3.371    1.8 
   3088.0  3.377    1.8 
   3089.8  3.366    2.0 
   3091.8  3.388    1.8 
   3093.6  3.422    1.8 
   3095.4  3.384    2.0 
   3097.4  3.419    1.8 
   3099.2  3.378    1.8 
   3101.0  3.393    2.0 
   3103.0  3.352    1.8 
   3104.8  3.357    1.8 
   3106.6    3.4    2.0 
   3108.6  3.375    1.8 
   3110.4  3.395    1.8 
   3112.2  3.395    2.0 
   3114.2  3.422    1.8 
   3116.0  3.346    1.8 
   3117.8  3.355    2.0 
   3119.8  3.423    1.8 
   3121.6  3.411    1.8 
   3123.4  3.302    2.0 
   3125.4  3.364    1.8 
   3127.2  3.353    1.8 
   3129.0   3.35    2.0 
   3131.0   3.34    1.8 
   3132.8  3.346    2.0 
   3134.8  3.362    1.8 
   3136.6  3.319    1.8 
   3138.4  3.358    2.0 
   3140.4  3.335    1.8 
   3142.2  3.292    1.8 
   3144.0  3.397    2.0 
   3146.0  3.398    1.8 
   3147.8   3.36    1.8 
   3149.6  3.344    2.0 
   3151.6  3.356    1.8 
   3153.4  3.301    1.8 
   3155.2  3.338    2.0 
   3157.2  3.384    1.8 
   3159.0  3.385    1.8 
   3160.8  3.342    2.0 
   3162.8  3.359    1.8 
   3164.6  3.419    1.8 
   3166.4  3.303    2.0 
   3168.4  3.349    1.8 
   3170.2  3.435    1.8 
   3172.0  3.398    2.0 
   3174.0  3.367    1.8 
   3175.8  3.427    1.8 
   3177.6  3.354    2.0 
   3179.6  3.398    1.8 
   3181.4   3.46    2.0 
   3183.4  3.326    1.8 
   3185.2  3.302    1.8 
   3187.0  3.398    2.0 
   3189.0  3.303    1.8 
   3190.8  3.314    1.8 
   3192.6  3.332    2.0 
   3194.6  3.285    1.8 
   3196.4  3.282    1.8 
   3198.2  3.351    7.1 
   3205.3  3.387   5.35 
  3210.65  3.386   5.36 
  3216.01  3.387   5.37 
  3221.38  3.389   5.37 
  3226.75  3.391   5.39 
  3232.14  3.393   5.39 
  3237.53  3.394   5.41 
  3242.94  3.396   5.41 
  3248.35  3.397   5.42 
  3253.77  3.398   5.43 
   3259.2    3.4   5.44 
  3264.64  3.401   5.45 
  3270.09  3.403   5.46 
  3275.55  3.404   5.47 
  3281.02  3.406   5.48 
   3286.5  3.408   5.48 
  3291.98  3.409    5.5 
  3297.48   3.41    5.5 
  3302.98  3.411   5.52 
   3308.5  3.412   5.52 
  3314.02  3.413   5.53 
  3319.55  3.415   5.54 
  3325.09  3.416   5.55 
  3330.64  3.418   5.56 
   3336.2   3.42   5.57 
  3341.77  3.422   5.58 
  3347.35  3.423   5.58 
  3352.93  3.425    5.6 
  3358.53  3.427   5.61 
  3364.14  3.428   5.61 
  3369.75  3.429   5.63 
  3375.38   3.43   5.63 
  3381.01  3.431   5.65 
  3386.66  3.432   5.65 
  3392.31  3.434   5.66 
  3397.97  3.435   5.67 
  3403.64  3.437   5.68 
  3409.32  3.439   5.69 
  3415.01  3.439   5.71 
  3420.72  3.437   5.71 
  3426.43  3.435   5.72 
  3432.15  3.434   5.72 
  3437.87  3.432   5.74 
  3443.61  3.434   5.75 
  3449.36  3.435   5.76 
  3455.12  3.436   5.77 
  3460.89  3.437   5.77 
  3466.66  3.438   5.79 
  3472.45   3.44    5.8 
  3478.25  3.441    5.8 
  3484.05  3.443   5.82 
  3489.87  3.444   5.82 
  3495.69  3.446   5.84 
  3501.53  3.448   5.84 
  3507.37  3.449   5.86 
  3513.23  3.451   5.86 
  3519.09  3.453   5.88 
  3524.97  3.454   5.88 
  3530.85  3.456   5.89 
  3536.74  3.457   5.91 
  3542.65   3.46   5.91 
  3548.56  3.463   5.92 
  3554.48  3.466   5.94 
  3560.42  3.469   5.94 
  3566.36  3.471   5.95 
  3572.31  3.473   5.96 
  3578.27  3.476   5.98 
  3584.25  3.478   5.98 
  3590.23  3.479   5.99 
  3596.22  3.481   6.01 
  3602.23  3.482   6.01 
  3608.24  3.483   6.02 
  3614.26  3.485   6.03 
  3620.29  3.487   6.05 
  3626.34  3.489   6.05 
  3632.39  3.491   6.07 
  3638.46  3.491   6.07 
  3644.53  3.488   6.08 
  3650.61  3.486    6.1 
  3656.71  3.483    6.1 
  3662.81  3.482   6.11 
  3668.92  3.483   6.13 
  3675.05  3.484   6.13 
  3681.18  3.485   6.15 
  3687.33  3.486   6.15 
  3693.48  3.498   6.17 
  3699.65   3.51   6.17 
  3705.82  3.522   6.19 
  3712.01  3.535   6.19 
   3718.2  3.521   6.21 
  3724.41  3.508   6.22 
  3730.63  3.495   6.22 
  3736.85  3.482   6.24 
  3743.09  3.493   6.25 
  3749.34  3.504   6.26 
   3755.6  3.516   6.27 
  3761.87  3.528   6.28 
  3768.15  3.499   6.29 
  3774.44   3.47    6.3 
  3780.74  3.442   6.31 
  3787.05  3.415   6.32 
  3793.37  3.391   6.33 
   3799.7  3.367   6.34 
  3806.04  3.344   6.36 
   3812.4  3.325   6.36 
  3818.76  3.357   6.38 
  3825.14  3.391   6.38 
  3831.52  3.426    6.4 
  3837.92  3.447    6.4 
  3844.32  3.376   6.42 
  3850.74   3.31   6.43 
  3857.17  3.247   6.43 
   3863.6  3.219   6.45 
  3870.05  3.285   6.46 
  3876.51  3.356   6.47 
  3882.98  3.433   6.49 
  3889.47  3.453   6.49 
  3895.96  3.378    6.5 
  3902.46  3.307   6.52 
  3908.98  3.241   6.52 
   3915.5  3.211   6.54 
  3922.04  3.209   6.54 
  3928.58  3.207   6.56 
  3935.14  3.206   6.57 
  3941.71  3.247   6.58 
  3948.29  3.307   6.59 
  3954.88  3.371    6.6 
  3961.48   3.44   6.61 
  3968.09  3.405   6.63 
  3974.72  3.363   6.63 
  3981.35  3.323   6.65 
   3988.0  3.287   6.65 
  3994.65  3.268  10.35 
   4005.0  3.415    5.0 
   4010.0  3.401    5.0 
   4015.0  3.365    5.0 
   4020.0  3.326    5.0 
   4025.0  3.314    5.0 
   4030.0  3.312    5.0 
   4035.0  3.299    5.0 
   4040.0  3.272    5.0 
   4045.0  3.263    5.0 
   4050.0  3.251    5.0 
   4055.0  3.233    5.0 
   4060.0  3.213    5.0 
   4065.0  3.211    5.0 
   4070.0  3.211    5.0 
   4075.0  3.224    5.0 
   4080.0  3.249    5.0 
   4085.0  3.263    5.0 
   4090.0  3.258    5.0 
   4095.0  3.287    5.0 
   4100.0  3.331    5.0 
   4105.0  3.377    5.0 
   4110.0  3.375    5.0 
   4115.0  3.328    5.0 
   4120.0  3.295    5.0 
   4125.0  3.274    5.0 
   4130.0  3.273    5.0 
   4135.0  3.257    5.0 
   4140.0  3.252    5.0 
   4145.0  3.262    5.0 
   4150.0  3.272    5.0 
   4155.0  3.274    5.0 
   4160.0  3.248    5.0 
   4165.0  3.243    5.0 
   4170.0   3.24    5.0 
   4175.0  3.243    5.0 
   4180.0  3.235    5.0 
   4185.0  3.233    5.0 
   4190.0  3.228    5.0 
   4195.0  3.231    5.0 
   4200.0  3.236    5.0 
   4205.0  3.244    5.0 
   4210.0  3.231    5.0 
   4215.0  3.227    5.0 
   4220.0  3.223    5.0 
   4225.0  3.222    5.0 
   4230.0  3.218    5.0 
   4235.0  3.227    5.0 
   4240.0  3.235    5.0 
   4245.0  3.235    5.0 
   4250.0  3.241    5.0 
   4255.0  3.225    5.0 
   4260.0   3.23    5.0 
   4265.0   3.23    5.0 
   4270.0  3.244    5.0 
   4275.0  3.245    5.0 
   4280.0  3.233    5.0 
   4285.0  3.235    5.0 
   4290.0  3.233    5.0 
   4295.0   3.23    5.0 
   4300.0  3.234    5.0 
   4305.0  3.248    5.0 
   4310.0  3.256    5.0 
   4315.0  3.253    5.0 
   4320.0  3.272    5.0 
   4325.0  3.297    5.0 
   4330.0  3.322    5.0 
   4335.0  3.386    5.0 
   4340.0  3.486    5.0 
   4345.0  3.503    5.0 
   4350.0  3.414    5.0 
   4355.0  3.341    5.0 
   4360.0  3.307    5.0 
   4365.0  3.283    5.0 
   4370.0  3.282    5.0 
   4375.0  3.285    5.0 
   4380.0  3.287    5.0 
   4385.0  3.313    5.0 
   4390.0  3.348    5.0 
   4395.0  3.318    5.0 
   4400.0  3.295    5.0 
   4405.0  3.289    5.0 
   4410.0   3.29    5.0 
   4415.0  3.302    5.0 
   4420.0  3.304    5.0 
   4425.0  3.292    5.0 
   4430.0    3.3    5.0 
   4435.0  3.317    5.0 
   4440.0   3.32    5.0 
   4445.0  3.314    5.0 
   4450.0  3.317    5.0 
   4455.0   3.32    5.0 
   4460.0  3.326    5.0 
   4465.0  3.358    5.0 
   4470.0  3.405    5.0 
   4475.0  3.411    5.0 
   4480.0  3.381    5.0 
   4485.0   3.35    5.0 
   4490.0  3.332    5.0 
   4495.0  3.328    5.0 
   4500.0  3.331    5.0 
   4505.0  3.335    5.0 
   4510.0  3.332    5.0 
   4515.0  3.331    5.0 
   4520.0  3.335    5.0 
   4525.0  3.347    5.0 
   4530.0   3.36    5.0 
   4535.0  3.348    5.0 
   4540.0  3.342    5.0 
   4545.0  3.345    5.0 
   4550.0   3.35    5.0 
   4555.0   3.35    5.0 
   4560.0  3.344    5.0 
   4565.0  3.341    5.0 
   4570.0   3.34    5.0 
   4575.0  3.355    5.0 
   4580.0  3.357    5.0 
   4585.0  3.348    5.0 
   4590.0  3.351    5.0 
   4595.0   3.35    5.0 
   4600.0  3.371    5.0 
   4605.0  3.378    5.0 
   4610.0   3.37    5.0 
   4615.0  3.372    5.0 
   4620.0  3.369    5.0 
   4625.0  3.362    5.0 
   4630.0   3.37    5.0 
   4635.0  3.373    5.0 
   4640.0  3.374    5.0 
   4645.0  3.376    5.0 
   4650.0  3.382    5.0 
   4655.0  3.369    5.0 
   4660.0  3.366    5.0 
   4665.0  3.365    5.0 
   4670.0  3.362    5.0 
   4675.0  3.369    5.0 
   4680.0  3.365    5.0 
   4685.0  3.363    5.0 
   4690.0  3.365    5.0 
   4695.0  3.379    5.0 
   4700.0  3.388    5.0 
   4705.0  3.392    5.0 
   4710.0    3.4    5.0 
   4715.0  3.402    5.0 
   4720.0  3.396    5.0 
   4725.0  3.401    5.0 
   4730.0  3.393    5.0 
   4735.0  3.391    5.0 
   4740.0  3.389    5.0 
   4745.0  3.402    5.0 
   4750.0  3.403    5.0 
   4755.0  3.402    5.0 
   4760.0  3.404    5.0 
   4765.0  3.416    5.0 
   4770.0  3.425    5.0 
   4775.0  3.429    5.0 
   4780.0  3.423    5.0 
   4785.0  3.415    5.0 
   4790.0  3.418    5.0 
   4795.0  3.426    5.0 
   4800.0  3.425    5.0 
   4805.0  3.439    5.0 
   4810.0  3.446    5.0 
   4815.0  3.443    5.0 
   4820.0   3.44    5.0 
   4825.0  3.438    5.0 
   4830.0  3.446    5.0 
   4835.0   3.46    5.0 
   4840.0  3.465    5.0 
   4845.0   3.48    5.0 
   4850.0   3.54    5.0 
   4855.0  3.633    5.0 
   4860.0   3.74    5.0 
   4865.0  3.725    5.0 
   4870.0  3.609    5.0 
   4875.0  3.527    5.0 
   4880.0  3.486    5.0 
   4885.0  3.463    5.0 
   4890.0   3.47    5.0 
   4895.0  3.476    5.0 
   4900.0  3.467    5.0 
   4905.0  3.459    5.0 
   4910.0  3.466    5.0 
   4915.0  3.497    5.0 
   4920.0  3.535    5.0 
   4925.0  3.531    5.0 
   4930.0  3.489    5.0 
   4935.0  3.468    5.0 
   4940.0   3.47    5.0 
   4945.0  3.466    5.0 
   4950.0  3.458    5.0 
   4955.0  3.461    5.0 
   4960.0  3.467    5.0 
   4965.0  3.471    5.0 
   4970.0  3.473    5.0 
   4975.0  3.469    5.0 
   4980.0  3.472    5.0 
   4985.0  3.481    5.0 
   4990.0  3.478    5.0 
   4995.0  3.481    5.0 
   5000.0  3.488    5.0 
   5005.0  3.499    5.0 
   5010.0  3.522    5.0 
   5015.0  3.537    5.0 
   5020.0   3.52    5.0 
   5025.0  3.498    5.0 
   5030.0  3.506    5.0 
   5035.0  3.509    5.0 
   5040.0  3.506    5.0 
   5045.0  3.515    5.0 
   5050.0  3.514    5.0 
   5055.0  3.505    5.0 
   5060.0  3.498    5.0 
   5065.0  3.503    5.0 
   5070.0  3.505    5.0 
   5075.0  3.498    5.0 
   5080.0  3.499    5.0 
   5085.0  3.501    5.0 
   5090.0  3.499    5.0 
   5095.0  3.507    5.0 
   5100.0  3.513    5.0 
   5105.0  3.513    5.0 
   5110.0  3.517    5.0 
   5115.0  3.517    5.0 
   5120.0  3.519    5.0 
   5125.0  3.524    5.0 
   5130.0  3.523    5.0 
   5135.0  3.526    5.0 
   5140.0  3.529    5.0 
   5145.0  3.534    5.0 
   5150.0   3.53    5.0 
   5155.0  3.526    5.0 
   5160.0  3.535    5.0 
   5165.0  3.527    5.0 
   5170.0  3.518    5.0 
   5175.0  3.526    5.0 
   5180.0  3.529    5.0 
   5185.0  3.528    5.0 
   5190.0  3.525    5.0 
   5195.0  3.535    5.0 
   5200.0  3.538    5.0 
   5205.0  3.541    5.0 
   5210.0  3.547    5.0 
   5215.0  3.548    5.0 
   5220.0  3.549    5.0 
   5225.0  3.548    5.0 
   5230.0   3.55    5.0 
   5235.0  3.558    5.0 
   5240.0  3.564    5.0 
   5245.0  3.562    5.0 
   5250.0  3.559    5.0 
   5255.0  3.559    5.0 
   5260.0   3.56    5.0 
   5265.0  3.565    5.0 
   5270.0  3.568    5.0 
   5275.0  3.568    5.0 
   5280.0  3.574    5.0 
   5285.0  3.579    5.0 
   5290.0  3.577    5.0 
   5295.0  3.579    5.0 
   5300.0  3.577    5.0 
   5305.0  3.575    5.0 
   5310.0  3.569    5.0 
   5315.0  3.576    5.0 
   5320.0  3.587    5.0 
   5325.0  3.585    5.0 
   5330.0  3.579    5.0 
   5335.0  3.584    5.0 
   5340.0  3.596    5.0 
   5345.0    3.6    5.0 
   5350.0  3.595    5.0 
   5355.0  3.594    5.0 
   5360.0  3.592    5.0 
   5365.0  3.594    5.0 
   5370.0  3.601    5.0 
   5375.0    3.6    5.0 
   5380.0  3.604    5.0 
   5385.0  3.602    5.0 
   5390.0  3.599    5.0 
   5395.0  3.614    5.0 
   5400.0  3.615    5.0 
   5405.0  3.614    5.0 
   5410.0  3.613    5.0 
   5415.0  3.614    5.0 
   5420.0  3.624    5.0 
   5425.0  3.625    5.0 
   5430.0  3.631    5.0 
   5435.0  3.624    5.0 
   5440.0  3.619    5.0 
   5445.0  3.623    5.0 
   5450.0  3.629    5.0 
   5455.0  3.638    5.0 
   5460.0  3.636    5.0 
   5465.0  3.631    5.0 
   5470.0  3.637    5.0 
   5475.0  3.641    5.0 
   5480.0  3.643    5.0 
   5485.0  3.643    5.0 
   5490.0  3.643    5.0 
   5495.0  3.649    5.0 
   5500.0  3.646    5.0 
   5505.0  3.644    5.0 
   5510.0  3.651    5.0 
   5515.0  3.649    5.0 
   5520.0  3.646    5.0 
   5525.0  3.654    5.0 
   5530.0  3.659    5.0 
   5535.0  3.655    5.0 
   5540.0  3.645    5.0 
   5545.0   3.65    5.0 
   5550.0  3.658    5.0 
   5555.0  3.657    5.0 
   5560.0  3.658    5.0 
   5565.0  3.662    5.0 
   5570.0  3.665    5.0 
   5575.0  3.666    5.0 
   5580.0   3.67    5.0 
   5585.0  3.665    5.0 
   5590.0  3.661    5.0 
   5595.0  3.661    5.0 
   5600.0  3.665    5.0 
   5605.0  3.664    5.0 
   5610.0  3.669    5.0 
   5615.0  3.668    5.0 
   5620.0  3.668    5.0 
   5625.0  3.668    5.0 
   5630.0  3.672    5.0 
   5635.0  3.681    5.0 
   5640.0  3.688    5.0 
   5645.0  3.686    5.0 
   5650.0  3.678    5.0 
   5655.0   3.68    5.0 
   5660.0   3.69    5.0 
   5665.0  3.692    5.0 
   5670.0  3.688    5.0 
   5675.0  3.691    5.0 
   5680.0  3.694    5.0 
   5685.0  3.699    5.0 
   5690.0  3.697    5.0 
   5695.0  3.694    5.0 
   5700.0  3.698    5.0 
   5705.0  3.698    5.0 
   5710.0  3.695    5.0 
   5715.0  3.702    5.0 
   5720.0  3.713    5.0 
   5725.0  3.709    5.0 
   5730.0  3.697    5.0 
   5735.0  3.695    5.0 
   5740.0  3.708    5.0 
   5745.0  3.715    5.0 
   5750.0  3.707    5.0 
   5755.0  3.702    5.0 
   5760.0  3.713    5.0 
   5765.0  3.713    5.0 
   5770.0  3.712    5.0 
   5775.0  3.716    5.0 
   5780.0  3.716    5.0 
   5785.0  3.712    5.0 
   5790.0   3.71    5.0 
   5795.0  3.718    5.0 
   5800.0  3.725    5.0 
   5805.0  3.719    5.0 
   5810.0  3.715    5.0 
   5815.0  3.714    5.0 
   5820.0  3.715    5.0 
   5825.0  3.712    5.0 
   5830.0  3.719    5.0 
   5835.0  3.716    5.0 
   5840.0  3.717    5.0 
   5845.0  3.718    5.0 
   5850.0  3.727    5.0 
   5855.0  3.726    5.0 
   5860.0  3.731    5.0 
   5865.0  3.749    5.0 
   5870.0   3.77    5.0 
   5875.0  3.789    5.0 
   5880.0  3.779    5.0 
   5885.0  3.752    5.0 
   5890.0  3.739    5.0 
   5895.0   3.74    5.0 
   5900.0  3.739    5.0 
   5905.0  3.739    5.0 
   5910.0   3.74    5.0 
   5915.0   3.74    5.0 
   5920.0  3.741    5.0 
   5925.0  3.744    5.0 
   5930.0  3.743    5.0 
   5935.0  3.741    5.0 
   5940.0  3.749    5.0 
   5945.0  3.753    5.0 
   5950.0   3.75    5.0 
   5955.0  3.755    5.0 
   5960.0  3.756    5.0 
   5965.0  3.756    5.0 
   5970.0  3.761    5.0 
   5975.0  3.759    5.0 
   5980.0   3.76    5.0 
   5985.0  3.763    5.0 
   5990.0   3.77    5.0 
   5995.0  3.771    5.0 
   6000.0  3.766    5.0 
   6005.0  3.767    5.0 
   6010.0  3.766    5.0 
   6015.0  3.766    5.0 
   6020.0  3.774    5.0 
   6025.0  3.766    5.0 
   6030.0  3.775    5.0 
   6035.0  3.782    5.0 
   6040.0  3.781    5.0 
   6045.0  3.783    5.0 
   6050.0  3.785    5.0 
   6055.0  3.785    5.0 
   6060.0  3.785    5.0 
   6065.0  3.786    5.0 
   6070.0  3.786    5.0 
   6075.0  3.783    5.0 
   6080.0  3.786    5.0 
   6085.0  3.799    5.0 
   6090.0  3.808    5.0 
   6095.0   3.81    5.0 
   6100.0  3.803    5.0 
   6105.0  3.802    5.0 
   6110.0    3.8    5.0 
   6115.0  3.805    5.0 
   6120.0  3.807    5.0 
   6125.0  3.809    5.0 
   6130.0   3.81    5.0 
   6135.0  3.813    5.0 
   6140.0  3.821    5.0 
   6145.0  3.828    5.0 
   6150.0  3.831    5.0 
   6155.0   3.83    5.0 
   6160.0   3.83    5.0 
   6165.0  3.831    5.0 
   6170.0  3.826    5.0 
   6175.0  3.834    5.0 
   6180.0  3.834    5.0 
   6185.0   3.83    5.0 
   6190.0  3.835    5.0 
   6195.0   3.84    5.0 
   6200.0  3.857    5.0 
   6205.0  3.861    5.0 
   6210.0  3.863    5.0 
   6215.0  3.863    5.0 
   6220.0  3.858    5.0 
   6225.0  3.855    5.0 
   6230.0   3.86    5.0 
   6235.0  3.866    5.0 
   6240.0  3.867    5.0 
   6245.0  3.865    5.0 
   6250.0  3.867    5.0 
   6255.0  3.872    5.0 
   6260.0  3.875    5.0 
   6265.0  3.878    5.0 
   6270.0  3.885    5.0 
   6275.0   3.89    5.0 
   6280.0  3.894    5.0 
   6285.0  3.897    5.0 
   6290.0  3.893    5.0 
   6295.0  3.891    5.0 
   6300.0  3.892    5.0 
   6305.0  3.886    5.0 
   6310.0  3.881    5.0 
   6315.0  3.881    5.0 
   6320.0  3.883    5.0 
   6325.0  3.884    5.0 
   6330.0  3.882    5.0 
   6335.0  3.881    5.0 
   6340.0  3.881    5.0 
   6345.0   3.88    5.0 
   6350.0  3.881    5.0 
   6355.0   3.88    5.0 
   6360.0  3.879    5.0 
   6365.0  3.883    5.0 
   6370.0  3.889    5.0 
   6375.0  3.891    5.0 
   6380.0  3.889    5.0 
   6385.0  3.892    5.0 
   6390.0  3.897    5.0 
   6395.0  3.898    5.0 
   6400.0  3.895    5.0 
   6405.0  3.891    5.0 
   6410.0  3.893    5.0 
   6415.0  3.902    5.0 
   6420.0    3.9    5.0 
   6425.0  3.898    5.0 
   6430.0  3.896    5.0 
   6435.0  3.898    5.0 
   6440.0  3.897    5.0 
   6445.0  3.898    5.0 
   6450.0  3.902    5.0 
   6455.0  3.903    5.0 
   6460.0  3.906    5.0 
   6465.0  3.913    5.0 
   6470.0  3.921    5.0 
   6475.0  3.924    5.0 
   6480.0  3.928    5.0 
   6485.0  3.932    5.0 
   6490.0  3.931    5.0 
   6495.0  3.928    5.0 
   6500.0  3.932   1.03 
  6501.03  3.941  10.85 
  6511.88  3.945  10.87 
  6522.75   3.95  10.89 
  6533.64  3.968   10.9 
  6544.54  3.991  10.93 
  6555.47  4.013  10.94 
  6566.41  4.036  10.96 
  6577.37  4.051  10.98 
  6588.35  4.031   11.0 
  6599.35  4.012  11.01 
  6610.36  3.993  11.04 
   6621.4  3.974  11.05 
  6632.45   3.97  11.07 
  6643.52  3.974  11.09 
  6654.61  3.977  11.11 
  6665.72  3.981  11.13 
  6676.85  3.984  11.14 
  6687.99  3.985  11.16 
  6699.15  3.986  11.19 
  6710.34  3.987   11.2 
  6721.54  3.989  11.22 
  6732.76  3.991  11.24 
   6744.0  3.994  11.25 
  6755.25  3.997  11.28 
  6766.53    4.0  11.29 
  6777.82  4.003  11.32 
  6789.14  4.006  11.33 
  6800.47  4.008  11.35 
  6811.82  4.011  11.37 
  6823.19  4.014  11.39 
  6834.58  4.016  11.41 
  6845.99  4.019  11.43 
  6857.42  4.021  11.44 
  6868.86  4.024  11.47 
  6880.33  4.026  11.48 
  6891.81  4.029  11.51 
  6903.32  4.032  11.52 
  6914.84  4.035  11.54 
  6926.38  4.037  11.56 
  6937.94   4.04  11.58 
  6949.52  4.043   11.6 
  6961.12  4.046  11.63 
  6972.75  4.049  11.63 
  6984.38  4.051  11.66 
  6996.04  4.054  11.68 
  7007.72  4.057   11.7 
  7019.42   4.06  11.71 
  7031.13  4.063  11.74 
  7042.87  4.067  11.76 
  7054.63  4.072  11.77 
   7066.4  4.076   11.8 
   7078.2  4.079  11.81 
  7090.01  4.081  11.84 
  7101.85  4.083  11.85 
   7113.7  4.085  11.88 
  7125.58  4.087  11.89 
  7137.47  4.089  11.91 
  7149.38   4.09  11.94 
  7161.32  4.094  11.95 
  7173.27  4.097  11.98 
  7185.25    4.1  11.99 
  7197.24  4.103  12.01 
  7209.25  4.107  12.04 
  7221.29   4.11  12.05 
  7233.34  4.113  12.08 
  7245.42  4.117  12.09 
  7257.51  4.119  12.11 
  7269.62  4.122  12.14 
  7281.76  4.124  12.15 
  7293.91  4.126  12.18 
  7306.09  4.128  12.19 
  7318.28  4.131  12.22 
   7330.5  4.133  12.23 
  7342.73  4.135  12.26 
  7354.99  4.138  12.28 
  7367.27   4.14   12.3 
  7379.57  4.143  12.31 
  7391.88  4.146  12.34 
  7404.22  4.149  12.36 
  7416.58  4.152  12.38 
  7428.96  4.154   12.4 
  7441.36  4.157  12.42 
  7453.78   4.16  12.45 
  7466.23  4.163  12.46 
  7478.69  4.165  12.48 
  7491.17  4.168  12.51 
  7503.68  4.171  12.52 
   7516.2  4.173  12.55 
  7528.75  4.176  12.56 
  7541.31  4.179  12.59 
   7553.9  4.182  12.61 
  7566.51  4.184  12.63 
  7579.14  4.187  12.65 
  7591.79   4.19  12.67 
  7604.46  4.193   12.7 
  7617.16  4.196  12.71 
  7629.87  4.199  12.74 
  7642.61  4.202  12.76 
  7655.37  4.205  12.78 
  7668.15  4.208  12.79 
  7680.94  4.211  12.83 
  7693.77  4.214  12.84 
  7706.61  4.217  12.86 
  7719.47   4.22  12.89 
  7732.36  4.223   12.9 
  7745.26  4.226  12.93 
  7758.19  4.228  12.95 
  7771.14  4.231  12.98 
  7784.12  4.234  12.99 
  7797.11  4.236  13.01 
  7810.12  4.239  13.04 
  7823.16  4.241  13.06 
  7836.22  4.244  13.08 
   7849.3  4.247   13.1 
   7862.4  4.249  13.12 
  7875.52  4.252  13.15 
  7888.67  4.255  13.17 
  7901.84  4.257  13.19 
  7915.03   4.26  13.21 
  7928.24  4.263  13.23 
  7941.47  4.266  13.26 
  7954.73  4.268  13.28 
  7968.01  4.271   13.3 
  7981.31  4.274  13.32 
  7994.63  4.277  13.35 
  8007.98  4.279  13.36 
  8021.34  4.282  13.39 
  8034.73  4.285  13.41 
  8048.14  4.288  13.44 
  8061.58  4.291  13.45 
  8075.03  4.294  13.48 
  8088.51  4.297  13.51 
  8102.02    4.3  13.52 
  8115.54  4.302  13.54 
  8129.08  4.305  13.57 
  8142.65  4.308   13.6 
  8156.25  4.311  13.61 
  8169.86  4.314  13.64 
   8183.5  4.316  13.66 
  8197.16  4.318  13.68 
  8210.84  4.321  13.71 
  8224.55  4.323  13.72 
  8238.27  4.325  13.76 
  8252.03  4.328  13.77 
   8265.8   4.33   13.8 
   8279.6  4.333  13.82 
  8293.42  4.335  13.84 
  8307.26  4.338  13.87 
  8321.13  4.341  13.89 
  8335.02  4.343  13.91 
  8348.93  4.346  13.94 
  8362.87  4.349  13.96 
  8376.83  4.351  13.98 
  8390.81  4.354  14.01 
  8404.82  4.357  14.02 
  8418.84   4.36  14.06 
   8432.9  4.362  14.07 
  8446.97  4.365   14.1 
  8461.07  4.369  14.13 
   8475.2  4.373  14.14 
  8489.34  4.378  14.17 
  8503.51  4.382   14.2 
  8517.71  4.386  14.22 
  8531.93   4.39  14.24 
  8546.17  4.395  14.26 
  8560.43  4.399  14.29 
  8574.72  4.402  14.32 
  8589.04  4.406  14.33 
  8603.37  4.409  14.36 
  8617.73  4.413  14.39 
  8632.12  4.416  14.41 
  8646.53   4.42  14.43 
  8660.96  4.422  14.46 
  8675.42  4.423  14.48 
   8689.9  4.424   14.5 
   8704.4  4.425  14.53 
  8718.93  4.426  14.56 
  8733.49  4.427  14.57 
  8748.06  4.428  14.61 
  8762.67  4.432  14.62 
  8777.29  4.436  14.66 
  8791.95   4.44  14.67 
  8806.62  4.445   14.7 
  8821.32  4.449  14.72 
  8836.04  4.453  14.75 
  8850.79  4.457  14.78 
  8865.57  4.452   14.8 
  8880.37  4.447  14.82 
  8895.19  4.442  14.85 
  8910.04  4.437  14.87 
  8924.91  4.432   14.9 
  8939.81  4.427  14.92 
  8954.73  4.426  14.95 
  8969.68  4.436  14.97 
  8984.65  4.445   15.0 
  8999.65  4.455  15.02 
  9014.67  4.465  15.05 
  9029.72  4.475  15.07 
  9044.79  4.485   15.1 
  9059.89  4.485  15.12 
  9075.01   4.48  15.15 
  9090.16  4.474  15.17 
  9105.33  4.468   15.2 
  9120.53  4.462  15.22 
  9135.75  4.457  15.25 
   9151.0  4.452  15.28 
  9166.28  4.465   15.3 
  9181.58  4.478  15.33 
  9196.91  4.492  15.35 
  9212.26  4.505  15.37 
  9227.63  4.519  15.41 
  9243.04  4.533  15.43 
  9258.47  4.534  15.45 
  9273.92  4.526  15.48 
   9289.4  4.517  15.51 
  9304.91  4.508  15.53 
  9320.44    4.5  15.56 
   9336.0  4.491  15.58 
  9351.58  4.484  15.61 
  9367.19  4.488  15.64 
  9382.83  4.491  15.66 
  9398.49  4.495  15.69 
  9414.18  4.498  15.71 
  9429.89  4.502  15.74 
  9445.63  4.506  15.77 
   9461.4  4.517  15.79 
  9477.19   4.53  15.82 
  9493.01  4.545  15.85 
  9508.86  4.559  15.87 
  9524.73  4.573   15.9 
  9540.63  4.588  15.92 
  9556.55  4.593  15.95 
   9572.5  4.585  15.98 
  9588.48  4.576  16.01 
  9604.49  4.567  16.03 
  9620.52  4.558  16.06 
  9636.58   4.55  16.08 
  9652.66  4.543  16.12 
  9668.78  4.545  16.14 
  9684.92  4.548  16.16 
  9701.08   4.55  16.19 
  9717.27  4.553  16.22 
  9733.49  4.555  16.25 
  9749.74  4.557  16.28 
  9766.02   4.56   16.3 
  9782.32  4.563  16.33 
  9798.65  4.566  16.35 
   9815.0  4.569  16.39 
  9831.39  4.572  16.41 
   9847.8  4.575  16.43 
  9864.23  4.579  16.47 
   9880.7  4.582  16.49 
  9897.19  4.586  16.52 
  9913.71   4.59  16.55 
  9930.26  4.593  16.58 
  9946.84  4.597   16.6 
  9963.44  4.609  16.63 
  9980.07  4.624  16.66 
  9996.73  4.639  16.69 
 10013.42  4.655  16.71 
 10030.13   4.67  16.74 
 10046.87  4.686  16.77 
 10063.64  4.681   16.8 
 10080.44  4.672  16.83 
 10097.27  4.662  16.85 
 10114.12  4.653  16.89 
 10131.01  4.644  16.91 
 10147.92  4.634  16.94 
 10164.86  4.635  16.96 
 10181.82  4.638   17.0 
 10198.82   4.64  17.02 
 10215.84  4.643  17.06 
  10232.9  4.645  17.08 
 10249.98  4.647  17.11 
 10267.09  4.651  17.13 
 10284.22  4.654  17.17 
 10301.39  4.658   17.2 
 10318.59  4.661  17.22 
 10335.81  4.665  17.25 
 10353.06  4.668  17.28 
 10370.34  4.671  17.31 
 10387.65  4.673  17.34 
 10404.99  4.676  17.37 
 10422.36  4.679   17.4 
 10439.76  4.681  17.42 
 10457.18  4.684  17.46 
 10474.64  4.687  17.48 
 10492.12   4.69  17.52 
 10509.64  4.693  17.54 
 10527.18  4.697  17.57 
 10544.75    4.7   17.6 
 10562.35  4.703  17.64 
 10579.99  4.706  17.66 
 10597.65  4.709  17.68 
 10615.33  4.713  17.72 
 10633.05  4.716  17.75 
  10650.8  4.719  17.78 
 10668.58  4.722  17.81 
 10686.39  4.725  17.84 
 10704.23  4.728  17.86 
 10722.09  4.731   17.9 
 10739.99  4.734  17.93 
 10757.92  4.737  17.96 
 10775.88  4.742  17.98 
 10793.86  4.747  18.02 
 10811.88  4.752  18.05 
 10829.93  4.756  18.08 
 10848.01  4.761   18.1 
 10866.11  4.775  18.14 
 10884.25   4.79  18.17 
 10902.42  4.805   18.2 
 10920.62  4.821  18.23 
 10938.85  4.836  18.26 
 10957.11  4.842  18.29 
  10975.4  4.831  18.32 
 10993.72  4.821  18.35 
 11012.07  4.811  18.38 
 11030.45  4.801  18.41 
 11048.86  4.791  18.44 
  11067.3  4.792  18.48 
 11085.78  4.794   18.5 
 11104.28  4.797  18.54 
 11122.82  4.799  18.56 
 11141.38  4.801   18.6 
 11159.98  4.804  18.63 
 11178.61  4.807  18.66 
 11197.27   4.81  18.69 
 11215.96  4.814  18.72 
 11234.68  4.817  18.75 
 11253.43   4.82  18.79 
 11272.22  4.823  18.81 
 11291.03  4.826  18.85 
 11309.88  4.829  18.88 
 11328.76  4.833  18.91 
 11347.67  4.836  18.94 
 11366.61  4.839  18.97 
 11385.58  4.842  19.01 
 11404.59  4.845  19.04 
 11423.63  4.848  19.07 
  11442.7  4.851   19.1 
  11461.8  4.854  19.13 
 11480.93  4.857  19.16 
 11500.09   4.86   19.2 
 11519.29  4.863  19.23 
 11538.52  4.866  19.26 
 11557.78  4.869  19.29 
 11577.07  4.873  19.32 
 11596.39  4.876  19.36 
 11615.75  4.879  19.39 
 11635.14  4.882  19.42 
 11654.56  4.885  19.45 
 11674.01  4.888  19.49 
  11693.5  4.892  19.52 
 11713.02  4.895  19.55 
 11732.57  4.898  19.59 
 11752.16  4.901  19.61 
 11771.77  4.904  19.65 
 11791.42  4.907  19.68 
  11811.1   4.91  19.72 
 11830.82  4.913  19.75 
 11850.57  4.916  19.78 
 11870.35   4.92  19.81 
 11890.16  4.923  19.85 
 11910.01  4.927  19.88 
 11929.89  4.931  19.91 
  11949.8  4.934  19.95 
 11969.75  4.937  19.98 
 11989.73  4.939  20.01 
 12009.74  4.942  20.01 
