   909.86  6.562   9.26 
   919.12  5.105   9.26 
   928.38   4.18   9.26 
   937.64  3.773   9.26 
    946.9  3.674   9.26 
   956.16  3.587   9.26 
   965.42  3.587   9.26 
   974.68  3.631   9.26 
   983.94  3.628   9.26 
    993.2  3.586   9.26 
  1002.46  3.622   9.26 
  1011.72  3.651   9.26 
  1020.98  3.591   9.26 
  1030.24  3.559   9.26 
   1039.5    3.5   9.26 
  1048.76   3.47   9.26 
  1058.02  3.489   9.26 
  1067.28  3.474   9.26 
  1076.54  3.482   9.26 
   1085.8   3.54   9.26 
  1095.06  3.544   9.26 
  1104.32   3.56   9.26 
  1113.58  3.512   9.26 
  1122.84  3.477   9.26 
   1132.1  3.574   9.26 
  1141.36  3.576  14.44 
   1155.8   3.59    1.2 
   1157.0   3.54    1.2 
   1158.2  3.606    1.0 
   1159.2  3.596    1.2 
   1160.4   3.58    1.2 
   1161.6  3.542    1.2 
   1162.8  3.573    1.2 
   1164.0  3.609    1.2 
   1165.2  3.641    1.2 
   1166.4   3.65    1.2 
   1167.6  3.635    1.2 
   1168.8  3.653    1.2 
   1170.0    3.7    1.0 
   1171.0  3.787    1.2 
   1172.2  3.837    1.2 
   1173.4  3.901    1.2 
   1174.6  3.948    1.2 
   1175.8  3.879    1.2 
   1177.0  3.807    1.2 
   1178.2  3.723    1.2 
   1179.4  3.649    1.2 
   1180.6  3.621    1.0 
   1181.6  3.613    1.2 
   1182.8  3.575    1.2 
   1184.0  3.542    1.2 
   1185.2  3.536    1.2 
   1186.4  3.577    1.2 
   1187.6  3.553    1.2 
   1188.8  3.596    1.2 
   1190.0  3.622    1.2 
   1191.2  3.602    1.2 
   1192.4   3.62    1.0 
   1193.4  3.682    1.2 
   1194.6  3.712    1.2 
   1195.8  3.733    1.2 
   1197.0  3.737    1.2 
   1198.2  3.756    1.2 
   1199.4  3.772    1.2 
   1200.6  3.756    1.2 
   1201.8  3.714    1.2 
   1203.0  3.716    1.2 
   1204.2  3.746    1.0 
   1205.2  3.771    1.2 
   1206.4  3.775    1.2 
   1207.6  3.749    1.2 
   1208.8  3.844    1.2 
   1210.0  3.974    1.2 
   1211.2  4.146    1.2 
   1212.4  4.415    1.2 
   1213.6  4.575    1.2 
   1214.8  4.684    1.2 
   1216.0  4.527    1.0 
   1217.0  4.196    1.2 
   1218.2  3.995    1.2 
   1219.4  3.778    1.2 
   1220.6  3.625    1.2 
   1221.8  3.568    1.2 
   1223.0  3.554    1.2 
   1224.2  3.508    1.2 
   1225.4  3.541    1.2 
   1226.6  3.576    1.2 
   1227.8  3.573    1.0 
   1228.8  3.565    1.2 
   1230.0  3.525    1.2 
   1231.2  3.549    1.2 
   1232.4  3.521    1.2 
   1233.6  3.559    1.2 
   1234.8  3.652    1.2 
   1236.0  3.602    1.2 
   1237.2  3.637    1.2 
   1238.4  3.691    1.2 
   1239.6  3.654    1.0 
   1240.6  3.604    1.2 
   1241.8  3.628    1.2 
   1243.0  3.581    1.2 
   1244.2   3.59    1.2 
   1245.4  3.626    1.2 
   1246.6  3.636    1.2 
   1247.8  3.631    1.2 
   1249.0  3.623    1.2 
   1250.2  3.623    1.2 
   1251.4  3.642    1.0 
   1252.4  3.668    1.2 
   1253.6  3.648    1.2 
   1254.8  3.659    1.2 
   1256.0  3.628    1.2 
   1257.2  3.612    1.2 
   1258.4  3.633    1.2 
   1259.6  3.591    1.2 
   1260.8  3.521    1.2 
   1262.0  3.519    1.2 
   1263.2  3.519    1.0 
   1264.2  3.488    1.2 
   1265.4  3.541    1.2 
   1266.6  3.536    1.2 
   1267.8  3.508    1.2 
   1269.0  3.523    1.2 
   1270.2  3.533    1.2 
   1271.4  3.524    1.2 
   1272.6  3.491    1.2 
   1273.8  3.442    1.2 
   1275.0  3.427    1.0 
   1276.0   3.48    1.2 
   1277.2  3.486    1.2 
   1278.4   3.47    1.2 
   1279.6  3.461    1.2 
   1280.8  3.486    1.2 
   1282.0  3.484    1.2 
   1283.2  3.507    1.2 
   1284.4    3.5    1.2 
   1285.6   3.49    1.2 
   1286.8  3.517    1.0 
   1287.8  3.508    1.2 
   1289.0  3.484    1.2 
   1290.2  3.468    1.2 
   1291.4  3.467    1.2 
   1292.6  3.448    1.2 
   1293.8  3.486    1.2 
   1295.0  3.514    1.2 
   1296.2  3.537    1.2 
   1297.4  3.546    1.2 
   1298.6  3.543    1.0 
   1299.6  3.552    1.2 
   1300.8  3.558    1.2 
   1302.0  3.583    1.2 
   1303.2  3.569    1.2 
   1304.4  3.592    1.2 
   1305.6   3.57    1.2 
   1306.8  3.512    1.2 
   1308.0  3.525    1.2 
   1309.2  3.517    1.2 
   1310.4  3.469    1.0 
   1311.4  3.482    1.2 
   1312.6  3.506    1.2 
   1313.8  3.515    1.2 
   1315.0  3.518    1.2 
   1316.2  3.489    1.2 
   1317.4  3.519    1.2 
   1318.6    3.5    1.2 
   1319.8  3.521    1.2 
   1321.0  3.572    1.2 
   1322.2  3.555    1.0 
   1323.2  3.537    1.2 
   1324.4  3.536    1.2 
   1325.6   3.53    1.2 
   1326.8  3.536    1.2 
   1328.0  3.531    1.2 
   1329.2  3.496    1.2 
   1330.4  3.506    1.2 
   1331.6   3.54    1.2 
   1332.8  3.534    1.2 
   1334.0  3.607    1.0 
   1335.0  3.657    1.2 
   1336.2  3.619    1.2 
   1337.4  3.582    1.2 
   1338.6    3.6    1.2 
   1339.8  3.609    1.2 
   1341.0  3.607    1.2 
   1342.2   3.59    1.2 
   1343.4  3.611    1.2 
   1344.6  3.626    1.2 
   1345.8  3.599    1.0 
   1346.8  3.596    1.2 
   1348.0   3.57    1.2 
   1349.2  3.601    1.2 
   1350.4  3.575    1.2 
   1351.6  3.562    1.2 
   1352.8  3.548    1.2 
   1354.0  3.541    1.2 
   1355.2  3.539    1.2 
   1356.4  3.596    1.2 
   1357.6  3.611    1.0 
   1358.6   3.61    1.2 
   1359.8  3.624    1.2 
   1361.0  3.624    1.2 
   1362.2  3.634    1.2 
   1363.4  3.637    1.2 
   1364.6  3.639    1.2 
   1365.8  3.596    1.2 
   1367.0  3.599    1.2 
   1368.2  3.589    1.0 
   1369.2  3.593    1.2 
   1370.4  3.613    1.2 
   1371.6  3.646    1.2 
   1372.8  3.627    1.2 
   1374.0  3.605    1.2 
   1375.2  3.594    1.2 
   1376.4  3.583    1.2 
   1377.6  3.617    1.2 
   1378.8  3.641    1.2 
   1380.0  3.627    1.0 
   1381.0  3.622    1.2 
   1382.2  3.635    1.2 
   1383.4  3.686    1.2 
   1384.6  3.665    1.2 
   1385.8  3.685    1.2 
   1387.0  3.695    1.2 
   1388.2  3.723    1.2 
   1389.4  3.742    1.2 
   1390.6   3.75    1.2 
   1391.8  3.823    1.0 
   1392.8  3.924    1.2 
   1394.0  3.937    1.2 
   1395.2  3.876    1.2 
   1396.4  3.897    1.2 
   1397.6  3.848    1.2 
   1398.8  3.816    1.2 
   1400.0  3.842    1.2 
   1401.2  3.875    1.2 
   1402.4  3.944    1.2 
   1403.6  3.909    1.0 
   1404.6  3.823    1.2 
   1405.8  3.762    1.2 
   1407.0  3.774    1.2 
   1408.2  3.786    1.2 
   1409.4  3.742    1.2 
   1410.6  3.735    1.2 
   1411.8    3.7    1.2 
   1413.0   3.68    1.2 
   1414.2  3.681    1.2 
   1415.4   3.67    1.0 
   1416.4  3.714    1.2 
   1417.6  3.739    1.2 
   1418.8  3.761    1.2 
   1420.0  3.775    1.2 
   1421.2  3.763    1.2 
   1422.4  3.726    1.2 
   1423.6   3.74    1.2 
   1424.8  3.787    1.2 
   1426.0  3.857    1.2 
   1427.2  3.905    1.0 
   1428.2  3.881    1.2 
   1429.4  3.825    1.2 
   1430.6  3.799    1.2 
   1431.8  3.743    1.2 
   1433.0  3.697    1.2 
   1434.2  3.702    1.2 
   1435.4  3.689    1.2 
   1436.6  3.711    1.2 
   1437.8  3.709    1.2 
   1439.0  3.711    1.0 
   1440.0  3.734    1.2 
   1441.2  3.761    1.2 
   1442.4  3.708    1.2 
   1443.6  3.708    1.2 
   1444.8  3.721    1.2 
   1446.0  3.722    1.2 
   1447.2  3.703    1.2 
   1448.4   3.72    1.2 
   1449.6  3.739    1.2 
   1450.8  3.729    1.0 
   1451.8  3.752    1.2 
   1453.0  3.761    1.2 
   1454.2  3.765    1.2 
   1455.4  3.771    1.2 
   1456.6  3.748    1.2 
   1457.8  3.776    1.2 
   1459.0  3.778    1.2 
   1460.2  3.765    1.2 
   1461.4  3.764    1.2 
   1462.6   3.73    1.0 
   1463.6  3.722    1.2 
   1464.8  3.706    1.2 
   1466.0  3.683    1.2 
   1467.2  3.705    1.2 
   1468.4  3.705    1.2 
   1469.6  3.694    1.2 
   1470.8  3.688    1.2 
   1472.0  3.695    1.2 
   1473.2  3.686    1.2 
   1474.4  3.671    1.0 
   1475.4  3.688    1.2 
   1476.6  3.718    1.2 
   1477.8   3.71    1.2 
   1479.0  3.727    1.2 
   1480.2  3.676    1.2 
   1481.4  3.664    1.2 
   1482.6  3.677    1.2 
   1483.8  3.661    1.2 
   1485.0  3.663    1.2 
   1486.2  3.648    1.0 
   1487.2  3.617    1.2 
   1488.4  3.632    1.2 
   1489.6  3.637    1.2 
   1490.8  3.628    1.2 
   1492.0  3.648    1.2 
   1493.2  3.671    1.2 
   1494.4  3.671    1.2 
   1495.6  3.663    1.2 
   1496.8  3.672    1.2 
   1498.0  3.721    1.0 
   1499.0  3.762    1.2 
   1500.2  3.779    1.2 
   1501.4  3.786    1.2 
   1502.6  3.792    1.2 
   1503.8  3.768    1.2 
   1505.0  3.716    1.2 
   1506.2  3.697    1.2 
   1507.4  3.679    1.2 
   1508.6  3.657    1.2 
   1509.8  3.667    1.0 
   1510.8  3.696    1.2 
   1512.0  3.699    1.2 
   1513.2    3.7    1.2 
   1514.4  3.716    1.2 
   1515.6  3.699    1.2 
   1516.8  3.672    1.2 
   1518.0  3.674    1.2 
   1519.2   3.66    1.2 
   1520.4  3.667    1.2 
   1521.6  3.659    1.0 
   1522.6  3.651    1.2 
   1523.8  3.721    1.2 
   1525.0  3.786    1.2 
   1526.2  3.847    1.2 
   1527.4  3.876    1.2 
   1528.6  3.878    1.2 
   1529.8  3.871    1.2 
   1531.0   3.93    1.2 
   1532.2  3.971    1.2 
   1533.4  3.993    1.0 
   1534.4  3.977    1.2 
   1535.6  3.948    1.2 
   1536.8  3.938    1.2 
   1538.0  3.928    1.2 
   1539.2  3.907    1.2 
   1540.4  3.947    1.2 
   1541.6  4.018    1.2 
   1542.8  4.109    1.2 
   1544.0  4.238    1.0 
   1545.0  4.447    1.2 
   1546.2  4.599    1.2 
   1547.4  4.724    1.2 
   1548.6  4.765    1.2 
   1549.8  4.668    1.2 
   1551.0  4.451    1.2 
   1552.2  4.252    1.2 
   1553.4  4.108    1.2 
   1554.6   4.01    1.2 
   1555.8  3.971    1.0 
   1556.8  3.934    1.2 
   1558.0  3.945    1.2 
   1559.2  3.969    1.2 
   1560.4  3.998    1.2 
   1561.6  4.001    1.2 
   1562.8  4.052    1.2 
   1564.0   4.04    1.2 
   1565.2  4.015    1.2 
   1566.4  3.988    1.2 
   1567.6  3.987    1.0 
   1568.6  3.993    1.2 
   1569.8  3.957    1.2 
   1571.0  3.904    1.2 
   1572.2  3.887    1.2 
   1573.4  3.873    1.2 
   1574.6  3.899    1.2 
   1575.8  3.941    1.2 
   1577.0  3.945    1.2 
   1578.2  3.952    1.2 
   1579.4  3.942    1.0 
   1580.4  3.905    1.2 
   1581.6   3.89    1.2 
   1582.8  3.895    1.2 
   1584.0  3.893    1.2 
   1585.2   3.87    1.2 
   1586.4  3.868    1.2 
   1587.6   3.86    1.2 
   1588.8  3.853    1.2 
   1590.0  3.868    1.2 
   1591.2  3.899    1.0 
   1592.2  3.929    1.2 
   1593.4  3.914    1.2 
   1594.6  3.891    1.2 
   1595.8  3.904    1.2 
   1597.0  3.908    1.2 
   1598.2  3.894    1.2 
   1599.4  3.883    1.2 
   1600.6  3.899    1.2 
   1601.8  3.943    1.2 
   1603.0  3.959    1.0 
   1604.0  3.973    1.2 
   1605.2   3.99    1.2 
   1606.4  4.007    1.2 
   1607.6  4.029    1.2 
   1608.8  4.062    1.2 
   1610.0  4.099    1.2 
   1611.2  4.099    1.2 
   1612.4  4.074    1.2 
   1613.6   4.07    1.2 
   1614.8  4.052    1.0 
   1615.8  4.057    1.2 
   1617.0  4.051    1.2 
   1618.2  4.046    1.2 
   1619.4  4.044    1.2 
   1620.6  4.065    1.2 
   1621.8  4.088    1.2 
   1623.0   4.08    1.2 
   1624.2   4.04    1.2 
   1625.4  4.041    1.2 
   1626.6   4.05    1.0 
   1627.6  4.025    1.2 
   1628.8  4.054    1.2 
   1630.0  4.073    1.2 
   1631.2  4.066    1.2 
   1632.4  4.059    1.2 
   1633.6  4.029    1.2 
   1634.8   3.99    1.2 
   1636.0  3.981    1.2 
   1637.2  3.981    1.2 
   1638.4  3.958    1.0 
   1639.4  4.024    1.2 
   1640.6  4.056    1.2 
   1641.8  4.053    1.2 
   1643.0  4.012    1.2 
   1644.2  3.955    1.2 
   1645.4  3.887    1.2 
   1646.6  3.861    1.2 
   1647.8   3.87    1.2 
   1649.0   3.86    1.2 
   1650.2   3.87    1.0 
   1651.2  3.876    1.2 
   1652.4  3.883    1.2 
   1653.6  3.898    1.2 
   1654.8  3.909    1.2 
   1656.0  3.927    1.2 
   1657.2  3.954    1.2 
   1658.4  3.971    1.2 
   1659.6  3.934    1.2 
   1660.8  3.929    1.2 
   1662.0  3.915    1.0 
   1663.0   3.95    1.2 
   1664.2  3.931    1.2 
   1665.4  3.904    1.2 
   1666.6  3.912    1.2 
   1667.8  3.901    1.2 
   1669.0   3.94    1.2 
   1670.2  3.991    1.2 
   1671.4  4.015    1.2 
   1672.6  4.026    1.2 
   1673.8  3.995    1.0 
   1674.8  3.939    1.2 
   1676.0  3.897    1.2 
   1677.2  3.857    1.2 
   1678.4  3.822    1.2 
   1679.6  3.814    1.2 
   1680.8  3.817    1.2 
   1682.0  3.822    1.2 
   1683.2  3.821    1.2 
   1684.4  3.824    1.2 
   1685.6  3.826    1.0 
   1686.6  3.862    1.2 
   1687.8  3.873    1.2 
   1689.0  3.874    1.2 
   1690.2  3.881    1.2 
   1691.4  3.874    1.2 
   1692.6  3.871    1.2 
   1693.8  3.883    1.2 
   1695.0  3.868    1.2 
   1696.2  3.894    1.2 
   1697.4  3.913    1.0 
   1698.4    3.9    1.2 
   1699.6  3.895    1.2 
   1700.8  3.895    1.2 
   1702.0  3.887    1.2 
   1703.2   3.88    1.2 
   1704.4   3.88    1.2 
   1705.6  3.876    1.2 
   1706.8   3.86    1.2 
   1708.0  3.889    1.2 
   1709.2  3.889    1.0 
   1710.2  3.881    1.2 
   1711.4  3.872    1.2 
   1712.6  3.864    1.2 
   1713.8  3.869    1.2 
   1715.0  3.879    1.2 
   1716.2  3.913    1.2 
   1717.4   3.97    1.2 
   1718.6  3.971    1.2 
   1719.8  3.994    1.0 
   1720.8  4.012    1.2 
   1722.0  3.997    1.2 
   1723.2  4.022    1.2 
   1724.4  4.009    1.2 
   1725.6  3.994    1.2 
   1726.8  3.976    1.2 
   1728.0  3.936    1.2 
   1729.2   3.92    1.2 
   1730.4  3.903    1.2 
   1731.6  3.889    1.0 
   1732.6  3.878    1.2 
   1733.8  3.864    1.2 
   1735.0  3.853    1.2 
   1736.2  3.833    1.2 
   1737.4  3.835    1.2 
   1738.6  3.866    1.2 
   1739.8  3.876    1.2 
   1741.0   3.87    1.2 
   1742.2  3.863    1.2 
   1743.4   3.85    1.0 
   1744.4  3.829    1.2 
   1745.6  3.812    1.2 
   1746.8  3.808    1.2 
   1748.0   3.82    1.2 
   1749.2  3.851    1.2 
   1750.4  3.872    1.2 
   1751.6  3.871    1.2 
   1752.8  3.862    1.2 
   1754.0  3.846    1.2 
   1755.2  3.837    1.0 
   1756.2  3.838    1.2 
   1757.4  3.823    1.2 
   1758.6  3.794    1.2 
   1759.8  3.804    1.2 
   1761.0   3.84    1.2 
   1762.2   3.85    1.2 
   1763.4  3.854    1.2 
   1764.6   3.85    1.2 
   1765.8  3.854    1.2 
   1767.0  3.854    1.0 
   1768.0  3.845    1.2 
   1769.2  3.857    1.2 
   1770.4  3.853    1.2 
   1771.6  3.841    1.2 
   1772.8  3.849    1.2 
   1774.0  3.843    1.2 
   1775.2  3.844    1.2 
   1776.4  3.859    1.2 
   1777.6  3.847    1.2 
   1778.8  3.849    1.0 
   1779.8  3.852    1.2 
   1781.0  3.856    1.2 
   1782.2  3.862    1.2 
   1783.4  3.856    1.2 
   1784.6  3.861    1.2 
   1785.8  3.871    1.2 
   1787.0  3.872    1.2 
   1788.2  3.879    1.2 
   1789.4  3.892    1.2 
   1790.6  3.878    1.0 
   1791.6   3.88    1.2 
   1792.8  3.878    1.2 
   1794.0  3.876    1.2 
   1795.2  3.873    1.2 
   1796.4   3.91    1.2 
   1797.6  3.891    1.2 
   1798.8  3.877    1.2 
   1800.0  3.874    1.2 
   1801.2  3.873    1.2 
   1802.4  3.876    1.0 
   1803.4  3.877    1.2 
   1804.6  3.894    1.2 
   1805.8  3.895    1.2 
   1807.0  3.891    1.2 
   1808.2  3.888    1.2 
   1809.4  3.886    1.2 
   1810.6  3.885    1.2 
   1811.8  3.886    1.2 
   1813.0  3.884    1.2 
   1814.2  3.874    1.0 
   1815.2  3.865    1.2 
   1816.4  3.866    1.2 
   1817.6  3.854    1.2 
   1818.8  3.844    1.2 
   1820.0  3.842    1.2 
   1821.2  3.839    1.2 
   1822.4  3.837    1.2 
   1823.6  3.861    1.2 
   1824.8  3.866    1.2 
   1826.0  3.868    1.0 
   1827.0  3.863    1.2 
   1828.2   3.87    1.2 
   1829.4  3.869    1.2 
   1830.6  3.856    1.2 
   1831.8  3.845    1.2 
   1833.0  3.844    1.2 
   1834.2  3.832    1.2 
   1835.4  3.837    1.2 
   1836.6   3.84    1.2 
   1837.8   3.84    1.0 
   1838.8  3.863    1.2 
   1840.0  3.884    1.2 
   1841.2  3.904    1.2 
   1842.4  3.905    1.2 
   1843.6  3.897    1.2 
   1844.8  3.889    1.2 
   1846.0  3.881    1.2 
   1847.2  3.876    1.2 
   1848.4  3.887    1.2 
   1849.6  3.903    1.0 
   1850.6  3.914    1.2 
   1851.8   3.92    1.2 
   1853.0  3.923    1.2 
   1854.2  3.921    1.2 
   1855.4  3.914    1.2 
   1856.6  3.905    1.2 
   1857.8   3.92    1.2 
   1859.0  3.908    1.2 
   1860.2  3.913    1.2 
   1861.4  3.916    1.0 
   1862.4  3.912    1.2 
   1863.6  3.905    1.2 
   1864.8  3.894    1.2 
   1866.0  3.875    1.2 
   1867.2  3.871    1.2 
   1868.4  3.883    1.2 
   1869.6    3.9    1.2 
   1870.8  3.912    1.2 
   1872.0  3.929    1.2 
   1873.2  3.949    1.0 
   1874.2  3.966    1.2 
   1875.4  3.964    1.2 
   1876.6  3.951    1.2 
   1877.8  3.924    1.2 
   1879.0  3.923    1.2 
   1880.2  3.926    1.2 
   1881.4  3.912    1.2 
   1882.6  3.919    1.2 
   1883.8  3.938    1.2 
   1885.0  3.952    1.0 
   1886.0  3.971    1.2 
   1887.2  3.976    1.2 
   1888.4   3.97    1.2 
   1889.6   3.97    1.2 
   1890.8  3.962    1.2 
   1892.0   3.95    1.2 
   1893.2   3.95    1.2 
   1894.4  3.948    1.2 
   1895.6  3.942    1.2 
   1896.8  3.934    1.0 
   1897.8   3.94    1.2 
   1899.0  3.927    1.2 
   1900.2  3.925    1.2 
   1901.4  3.924    1.2 
   1902.6  3.921    1.2 
   1903.8  3.929    1.2 
   1905.0  3.941    1.2 
   1906.2  3.938    1.2 
   1907.4  3.941    1.0 
   1908.4  3.936    1.2 
   1909.6  3.942    1.2 
   1910.8   3.94    1.2 
   1912.0  3.948    1.2 
   1913.2  3.956    1.2 
   1914.4  3.962    1.2 
   1915.6  3.964    1.2 
   1916.8  3.968    1.2 
   1918.0   3.96    1.2 
   1919.2  3.968    1.0 
   1920.2  3.979    1.2 
   1921.4  3.962    1.2 
   1922.6  3.945    1.2 
   1923.8  3.946    1.2 
   1925.0  3.944    1.2 
   1926.2  3.966    1.2 
   1927.4  3.983    1.2 
   1928.6  3.965    1.2 
   1929.8  3.926    1.2 
   1931.0  3.913    1.0 
   1932.0  3.904    1.2 
   1933.2  3.942    1.2 
   1934.4  3.925    1.2 
   1935.6  3.928    1.2 
   1936.8  3.934    1.2 
   1938.0  3.931    1.2 
   1939.2  3.937    1.2 
   1940.4  3.933    1.2 
   1941.6  3.919    1.2 
   1942.8  3.918    1.0 
   1943.8  3.918    1.2 
   1945.0  3.933    1.2 
   1946.2  3.933    1.2 
   1947.4  3.923    1.2 
   1948.6  3.912    1.2 
   1949.8  3.923    1.2 
   1951.0  3.941    1.2 
   1952.2  3.954    1.2 
   1953.4  3.956    1.2 
   1954.6  3.961    1.0 
   1955.6  3.966    1.2 
   1956.8  3.965    1.2 
   1958.0  3.993    1.2 
   1959.2  3.982    1.2 
   1960.4  3.974    1.2 
   1961.6  3.975    1.2 
   1962.8  3.962    1.2 
   1964.0  3.956    1.2 
   1965.2  3.959    1.2 
   1966.4  3.956    1.0 
   1967.4  3.953    1.2 
   1968.6  3.931    1.2 
   1969.8  3.913    0.4 
   1970.2  3.916    1.8 
   1972.0  3.924    1.8 
   1973.8  3.872    2.0 
   1975.8  3.848    1.8 
   1977.6  3.908    1.8 
   1979.4  3.913    2.0 
   1981.4  3.904    1.8 
   1983.2  3.932    1.8 
   1985.0  3.913    2.0 
   1987.0  3.893    1.8 
   1988.8  3.908    1.8 
   1990.6  3.907    2.0 
   1992.6   3.91    1.8 
   1994.4  3.909    1.8 
   1996.2  3.885    2.0 
   1998.2  3.954    1.8 
   2000.0  3.985    1.8 
   2001.8   3.92    2.0 
   2003.8  3.914    1.8 
   2005.6  3.907    1.8 
   2007.4   3.92    2.0 
   2009.4   3.89    1.8 
   2011.2  3.878    2.0 
   2013.2  3.922    1.8 
   2015.0  3.932    1.8 
   2016.8  3.964    2.0 
   2018.8  3.921    1.8 
   2020.6  3.893    1.8 
   2022.4  3.845    2.0 
   2024.4  3.877    1.8 
   2026.2   3.92    1.8 
   2028.0   3.94    2.0 
   2030.0  3.911    1.8 
   2031.8  3.896    1.8 
   2033.6  3.894    2.0 
   2035.6  3.933    1.8 
   2037.4  3.935    1.8 
   2039.2  3.884    2.0 
   2041.2  3.869    1.8 
   2043.0  3.885    1.8 
   2044.8  3.919    2.0 
   2046.8  3.913    1.8 
   2048.6  3.905    1.8 
   2050.4  3.922    2.0 
   2052.4  3.919    1.8 
   2054.2  3.923    1.8 
   2056.0  3.929    2.0 
   2058.0  3.934    1.8 
   2059.8   3.94    2.0 
   2061.8  3.948    1.8 
   2063.6  3.915    1.8 
   2065.4  3.921    2.0 
   2067.4   3.91    1.8 
   2069.2  3.941    1.8 
   2071.0   3.95    2.0 
   2073.0  3.952    1.8 
   2074.8  3.953    1.8 
   2076.6  3.976    2.0 
   2078.6  3.924    1.8 
   2080.4  3.904    1.8 
   2082.2  3.886    2.0 
   2084.2  3.939    1.8 
   2086.0  3.974    1.8 
   2087.8  3.911    2.0 
   2089.8  3.907    1.8 
   2091.6    3.9    1.8 
   2093.4  3.914    2.0 
   2095.4  3.914    1.8 
   2097.2  3.948    1.8 
   2099.0   3.94    2.0 
   2101.0  3.923    1.8 
   2102.8  3.951    2.0 
   2104.8  3.935    1.8 
   2106.6  3.959    1.8 
   2108.4  3.922    2.0 
   2110.4  3.904    1.8 
   2112.2  3.898    1.8 
   2114.0   3.92    2.0 
   2116.0  3.914    1.8 
   2117.8  3.943    1.8 
   2119.6  3.956    2.0 
   2121.6  3.967    1.8 
   2123.4  3.907    1.8 
   2125.2  3.922    2.0 
   2127.2  3.893    1.8 
   2129.0   3.95    1.8 
   2130.8  3.917    2.0 
   2132.8  3.891    1.8 
   2134.6  3.937    1.8 
   2136.4  3.907    2.0 
   2138.4  3.913    1.8 
   2140.2  3.956    1.8 
   2142.0  3.961    2.0 
   2144.0  3.946    1.8 
   2145.8  3.938    1.8 
   2147.6   3.91    2.0 
   2149.6  3.942    1.8 
   2151.4  3.977    2.0 
   2153.4  3.981    1.8 
   2155.2  3.951    1.8 
   2157.0  3.902    2.0 
   2159.0  3.914    1.8 
   2160.8  3.995    1.8 
   2162.6  4.005    2.0 
   2164.6  3.969    1.8 
   2166.4  4.007    1.8 
   2168.2  4.012    2.0 
   2170.2  3.971    1.8 
   2172.0  3.972    1.8 
   2173.8  3.979    2.0 
   2175.8  3.951    1.8 
   2177.6  3.917    1.8 
   2179.4   3.94    2.0 
   2181.4  3.944    1.8 
   2183.2  3.955    1.8 
   2185.0  3.965    2.0 
   2187.0  3.983    1.8 
   2188.8  3.942    1.8 
   2190.6  3.922    2.0 
   2192.6  3.952    1.8 
   2194.4  3.962    1.8 
   2196.2  3.958    2.0 
   2198.2  3.934    1.8 
   2200.0  3.977    2.0 
   2202.0  3.987    1.8 
   2203.8  3.971    1.8 
   2205.6  3.985    2.0 
   2207.6  3.961    1.8 
   2209.4  3.959    1.8 
   2211.2  3.999    2.0 
   2213.2  3.981    1.8 
   2215.0  3.994    1.8 
   2216.8  3.995    2.0 
   2218.8  4.009    1.8 
   2220.6  4.035    1.8 
   2222.4  4.051    2.0 
   2224.4  4.019    1.8 
   2226.2  3.976    1.8 
   2228.0  3.989    2.0 
   2230.0  4.006    1.8 
   2231.8  4.015    1.8 
   2233.6  4.019    2.0 
   2235.6  4.008    1.8 
   2237.4  4.028    1.8 
   2239.2  4.043    2.0 
   2241.2  4.004    1.8 
   2243.0  4.019    2.0 
   2245.0  4.027    1.8 
   2246.8  4.022    1.8 
   2248.6  3.988    2.0 
   2250.6  4.001    1.8 
   2252.4  3.997    1.8 
   2254.2  4.022    2.0 
   2256.2   4.03    1.8 
   2258.0  4.018    1.8 
   2259.8  3.974    2.0 
   2261.8  3.959    1.8 
   2263.6  4.012    1.8 
   2265.4  4.016    2.0 
   2267.4  4.036    1.8 
   2269.2  4.023    1.8 
   2271.0  4.009    2.0 
   2273.0  3.994    1.8 
   2274.8  3.991    1.8 
   2276.6   3.95    2.0 
   2278.6  4.002    1.8 
   2280.4  3.976    1.8 
   2282.2  3.952    2.0 
   2284.2  3.999    1.8 
   2286.0  4.019    1.8 
   2287.8  4.062    2.0 
   2289.8  3.995    1.8 
   2291.6  4.024    2.0 
   2293.6  4.053    1.8 
   2295.4  4.037    1.8 
   2297.2  4.037    2.0 
   2299.2  4.103    1.8 
   2301.0  4.119    1.8 
   2302.8  4.126    2.0 
   2304.8  4.067    1.8 
   2306.6  4.048    1.8 
   2308.4  4.054    2.0 
   2310.4  4.069    1.8 
   2312.2  4.049    1.8 
   2314.0  4.005    2.0 
   2316.0  3.989    1.8 
   2317.8  3.961    1.8 
   2319.6  3.981    2.0 
   2321.6   4.05    1.8 
   2323.4  4.022    1.8 
   2325.2  3.957    2.0 
   2327.2  4.034    1.8 
   2329.0  4.022    1.8 
   2330.8  4.007    2.0 
   2332.8  4.038    1.8 
   2334.6  3.972    1.8 
   2336.4   3.97    2.0 
   2338.4  4.016    1.8 
   2340.2  4.033    2.0 
   2342.2  4.059    1.8 
   2344.0  4.028    1.8 
   2345.8  4.041    2.0 
   2347.8  4.026    1.8 
   2349.6  3.983    1.8 
   2351.4  3.973    2.0 
   2353.4  4.017    1.8 
   2355.2   4.02    1.8 
   2357.0  3.999    2.0 
   2359.0  3.953    1.8 
   2360.8  3.974    1.8 
   2362.6  4.023    2.0 
   2364.6  3.987    1.8 
   2366.4  4.022    1.8 
   2368.2  3.988    2.0 
   2370.2  3.986    1.8 
   2372.0  3.992    1.8 
   2373.8  4.048    2.0 
   2375.8  4.054    1.8 
   2377.6   4.05    1.8 
   2379.4  4.041    2.0 
   2381.4  4.081    1.8 
   2383.2  4.108    2.0 
   2385.2  4.114    1.8 
   2387.0  4.175    1.8 
   2388.8  4.118    2.0 
   2390.8  4.079    1.8 
   2392.6  4.132    1.8 
   2394.4  4.088    2.0 
   2396.4  4.105    1.8 
   2398.2  4.049    1.8 
   2400.0  4.099    2.0 
   2402.0  4.065    1.8 
   2403.8  4.072    1.8 
   2405.6  4.027    2.0 
   2407.6  4.073    1.8 
   2409.4  4.033    1.8 
   2411.2  4.036    2.0 
   2413.2  4.019    1.8 
   2415.0  4.084    1.8 
   2416.8  4.035    2.0 
   2418.8  4.025    1.8 
   2420.6  4.006    1.8 
   2422.4  4.038    2.0 
   2424.4   4.06    1.8 
   2426.2  4.025    1.8 
   2428.0  4.034    2.0 
   2430.0  3.996    1.8 
   2431.8  3.949    2.0 
   2433.8   3.99    1.8 
   2435.6  4.026    1.8 
   2437.4  4.021    2.0 
   2439.4  4.036    1.8 
   2441.2   4.01    1.8 
   2443.0  4.019    2.0 
   2445.0  4.064    1.8 
   2446.8  4.043    1.8 
   2448.6  4.039    2.0 
   2450.6  4.003    1.8 
   2452.4  4.008    1.8 
   2454.2  4.015    2.0 
   2456.2   4.03    1.8 
   2458.0  3.999    1.8 
   2459.8   4.03    2.0 
   2461.8  4.033    1.8 
   2463.6  4.032    1.8 
   2465.4  4.007    2.0 
   2467.4  3.987    1.8 
   2469.2  4.039    1.8 
   2471.0  4.084    2.0 
   2473.0  4.115    1.8 
   2474.8   4.08    1.8 
   2476.6  4.077    2.0 
   2478.6  4.046    1.8 
   2480.4  4.025    2.0 
   2482.4  3.986    1.8 
   2484.2  4.021    1.8 
   2486.0  4.046    2.0 
   2488.0  4.084    1.8 
   2489.8  4.078    1.8 
   2491.6   4.07    2.0 
   2493.6  4.058    1.8 
   2495.4  4.076    1.8 
   2497.2  4.053    2.0 
   2499.2  4.033    1.8 
   2501.0  4.023    1.8 
   2502.8  4.003    2.0 
   2504.8  4.026    1.8 
   2506.6   4.04    1.8 
   2508.4  4.068    2.0 
   2510.4  4.059    1.8 
   2512.2  4.134    1.8 
   2514.0  4.146    2.0 
   2516.0  4.132    1.8 
   2517.8  4.109    1.8 
   2519.6  4.103    2.0 
   2521.6  4.108    1.8 
   2523.4  4.095    2.0 
   2525.4  4.112    1.8 
   2527.2  4.101    1.8 
   2529.0  4.033    2.0 
   2531.0  4.046    1.8 
   2532.8  4.095    1.8 
   2534.6  4.046    2.0 
   2536.6  4.067    1.8 
   2538.4  4.055    1.8 
   2540.2  4.067    2.0 
   2542.2  4.067    1.8 
   2544.0  4.075    1.8 
   2545.8  4.078    2.0 
   2547.8  4.083    1.8 
   2549.6  4.053    1.8 
   2551.4  4.056    2.0 
   2553.4    4.1    1.8 
   2555.2  4.082    1.8 
   2557.0  4.121    2.0 
   2559.0  4.141    1.8 
   2560.8  4.109    1.8 
   2562.6  4.065    2.0 
   2564.6  4.089    1.8 
   2566.4  4.098    1.8 
   2568.2  4.083    2.0 
   2570.2  4.085    1.8 
   2572.0  4.069    2.0 
   2574.0  4.096    1.8 
   2575.8  4.086    1.8 
   2577.6  4.093    2.0 
   2579.6  4.119    1.8 
   2581.4  4.133    1.8 
   2583.2   4.14    2.0 
   2585.2  4.143    1.8 
   2587.0  4.143    1.8 
   2588.8   4.16    2.0 
   2590.8  4.184    1.8 
   2592.6  4.183    1.8 
   2594.4  4.143    2.0 
   2596.4    4.1    1.8 
   2598.2  4.108    1.8 
   2600.0  4.137    2.0 
   2602.0  4.163    1.8 
   2603.8  4.142    1.8 
   2605.6  4.159    2.0 
   2607.6  4.136    1.8 
   2609.4  4.103    1.8 
   2611.2    4.1    2.0 
   2613.2  4.111    1.8 
   2615.0   4.13    1.8 
   2616.8  4.098    2.0 
   2618.8    4.1    1.8 
   2620.6  4.135    2.0 
   2622.6  4.138    1.8 
   2624.4  4.102    1.8 
   2626.2  4.104    2.0 
   2628.2  4.113    1.8 
   2630.0  4.097    1.8 
   2631.8  4.124    2.0 
   2633.8  4.098    1.8 
   2635.6  4.111    1.8 
   2637.4  4.112    2.0 
   2639.4  4.132    1.8 
   2641.2  4.149    1.8 
   2643.0  4.161    2.0 
   2645.0  4.149    1.8 
   2646.8  4.158    1.8 
   2648.6   4.15    2.0 
   2650.6  4.143    1.8 
   2652.4  4.159    1.8 
   2654.2  4.129    2.0 
   2656.2   4.13    1.8 
   2658.0  4.123    1.8 
   2659.8  4.129    2.0 
   2661.8  4.137    1.8 
   2663.6  4.116    2.0 
   2665.6   4.15    1.8 
   2667.4  4.163    1.8 
   2669.2  4.152    2.0 
   2671.2  4.158    1.8 
   2673.0  4.156    1.8 
   2674.8  4.155    2.0 
   2676.8  4.173    1.8 
   2678.6  4.154    1.8 
   2680.4   4.14    2.0 
   2682.4  4.146    1.8 
   2684.2  4.136    1.8 
   2686.0  4.111    2.0 
   2688.0  4.136    1.8 
   2689.8  4.134    1.8 
   2691.6  4.123    2.0 
   2693.6  4.155    1.8 
   2695.4  4.195    1.8 
   2697.2  4.207    2.0 
   2699.2  4.204    1.8 
   2701.0  4.198    1.8 
   2702.8  4.161    2.0 
   2704.8   4.14    1.8 
   2706.6  4.135    1.8 
   2708.4  4.185    2.0 
   2710.4  4.167    1.8 
   2712.2  4.149    2.0 
   2714.2  4.179    1.8 
   2716.0  4.201    1.8 
   2717.8  4.191    2.0 
   2719.8  4.173    1.8 
   2721.6  4.192    1.8 
   2723.4  4.189    2.0 
   2725.4  4.222    1.8 
   2727.2  4.211    1.8 
   2729.0  4.193    2.0 
   2731.0  4.194    1.8 
   2732.8  4.197    1.8 
   2734.6  4.211    2.0 
   2736.6  4.198    1.8 
   2738.4  4.215    1.8 
   2740.2   4.21    2.0 
   2742.2  4.223    1.8 
   2744.0  4.201    1.8 
   2745.8  4.186    2.0 
   2747.8  4.156    1.8 
   2749.6  4.171    1.8 
   2751.4  4.179    2.0 
   2753.4   4.19    1.8 
   2755.2  4.175    1.8 
   2757.0  4.176    2.0 
   2759.0  4.201    1.8 
   2760.8  4.202    2.0 
   2762.8  4.214    1.8 
   2764.6  4.208    1.8 
   2766.4  4.217    2.0 
   2768.4  4.215    1.8 
   2770.2  4.215    1.8 
   2772.0  4.235    2.0 
   2774.0  4.212    1.8 
   2775.8  4.201    1.8 
   2777.6  4.207    2.0 
   2779.6  4.206    1.8 
   2781.4   4.21    1.8 
   2783.2  4.231    2.0 
   2785.2  4.238    1.8 
   2787.0  4.241    1.8 
   2788.8  4.227    2.0 
   2790.8  4.224    1.8 
   2792.6  4.273    1.8 
   2794.4  4.278    2.0 
   2796.4  4.278    1.8 
   2798.2   4.32    1.8 
   2800.0  4.317    2.0 
   2802.0  4.304    1.8 
   2803.8  4.274    2.0 
   2805.8  4.271    1.8 
   2807.6   4.29    1.8 
   2809.4   4.25    2.0 
   2811.4  4.213    1.8 
   2813.2  4.217    1.8 
   2815.0  4.225    2.0 
   2817.0  4.203    1.8 
   2818.8  4.216    1.8 
   2820.6  4.202    2.0 
   2822.6  4.208    1.8 
   2824.4  4.259    1.8 
   2826.2  4.215    2.0 
   2828.2  4.196    1.8 
   2830.0  4.245    1.8 
   2831.8  4.296    2.0 
   2833.8   4.28    1.8 
   2835.6  4.245    1.8 
   2837.4  4.233    2.0 
   2839.4  4.258    1.8 
   2841.2  4.244    1.8 
   2843.0  4.239    2.0 
   2845.0  4.229    1.8 
   2846.8  4.257    1.8 
   2848.6  4.251    2.0 
   2850.6  4.229    1.8 
   2852.4  4.236    2.0 
   2854.4  4.279    1.8 
   2856.2  4.283    1.8 
   2858.0  4.254    2.0 
   2860.0  4.244    1.8 
   2861.8  4.244    1.8 
   2863.6  4.268    2.0 
   2865.6  4.271    1.8 
   2867.4  4.249    1.8 
   2869.2  4.239    2.0 
   2871.2  4.254    1.8 
   2873.0  4.276    1.8 
   2874.8  4.249    2.0 
   2876.8  4.242    1.8 
   2878.6  4.252    1.8 
   2880.4  4.249    2.0 
   2882.4  4.246    1.8 
   2884.2  4.281    1.8 
   2886.0   4.28    2.0 
   2888.0  4.261    1.8 
   2889.8  4.295    1.8 
   2891.6   4.25    2.0 
   2893.6  4.241    1.8 
   2895.4  4.275    1.8 
   2897.2  4.273    2.0 
   2899.2  4.292    1.8 
   2901.0  4.328    2.0 
   2903.0  4.323    1.8 
   2904.8  4.318    1.8 
   2906.6  4.302    2.0 
   2908.6  4.315    1.8 
   2910.4    4.3    1.8 
   2912.2  4.323    2.0 
   2914.2  4.311    1.8 
   2916.0   4.28    1.8 
   2917.8  4.276    2.0 
   2919.8  4.292    1.8 
   2921.6  4.286    1.8 
   2923.4  4.317    2.0 
   2925.4  4.325    1.8 
   2927.2  4.341    1.8 
   2929.0  4.296    2.0 
   2931.0  4.311    1.8 
   2932.8  4.312    1.8 
   2934.6  4.302    2.0 
   2936.6  4.314    1.8 
   2938.4  4.306    1.8 
   2940.2  4.272    2.0 
   2942.2  4.262    1.8 
   2944.0  4.313    2.0 
   2946.0  4.334    1.8 
   2947.8  4.369    1.8 
   2949.6   4.35    2.0 
   2951.6  4.346    1.8 
   2953.4  4.292    1.8 
   2955.2  4.281    2.0 
   2957.2  4.266    1.8 
   2959.0  4.272    1.8 
   2960.8  4.288    2.0 
   2962.8   4.35    1.8 
   2964.6  4.346    1.8 
   2966.4   4.35    2.0 
   2968.4  4.269    1.8 
   2970.2  4.295    1.8 
   2972.0  4.318    2.0 
   2974.0  4.322    1.8 
   2975.8  4.316    1.8 
   2977.6  4.326    2.0 
   2979.6  4.307    1.8 
   2981.4  4.322    1.8 
   2983.2  4.336    2.0 
   2985.2  4.371    1.8 
   2987.0  4.392    1.8 
   2988.8  4.367    2.0 
   2990.8   4.35    1.8 
   2992.6  4.372    2.0 
   2994.6  4.376    1.8 
   2996.4  4.381    1.8 
   2998.2  4.357    2.0 
   3000.2  4.334    1.8 
   3002.0  4.378    1.8 
   3003.8  4.397    2.0 
   3005.8  4.371    1.8 
   3007.6  4.366    1.8 
   3009.4  4.343    2.0 
   3011.4  4.328    1.8 
   3013.2  4.378    1.8 
   3015.0  4.359    2.0 
   3017.0   4.36    1.8 
   3018.8  4.361    1.8 
   3020.6  4.337    2.0 
   3022.6  4.351    1.8 
   3024.4  4.372    1.8 
   3026.2  4.377    2.0 
   3028.2  4.353    1.8 
   3030.0  4.376    1.8 
   3031.8  4.306    2.0 
   3033.8  4.369    1.8 
   3035.6  4.416    1.8 
   3037.4  4.366    2.0 
   3039.4  4.355    1.8 
   3041.2  4.377    2.0 
   3043.2  4.347    1.8 
   3045.0   4.35    1.8 
   3046.8  4.389    2.0 
   3048.8  4.358    1.8 
   3050.6  4.342    1.8 
   3052.4  4.301    2.0 
   3054.4  4.351    1.8 
   3056.2  4.382    1.8 
   3058.0  4.354    2.0 
   3060.0  4.365    1.8 
   3061.8  4.368    1.8 
   3063.6  4.388    2.0 
   3065.6  4.372    1.8 
   3067.4  4.378    1.8 
   3069.2  4.383    2.0 
   3071.2   4.37    1.8 
   3073.0  4.393    1.8 
   3074.8  4.369    2.0 
   3076.8   4.37    1.8 
   3078.6  4.373    1.8 
   3080.4  4.353    2.0 
   3082.4  4.321    1.8 
   3084.2  4.348    2.0 
   3086.2  4.374    1.8 
   3088.0   4.35    1.8 
   3089.8  4.359    2.0 
   3091.8  4.385    1.8 
   3093.6   4.38    1.8 
   3095.4  4.363    2.0 
   3097.4  4.454    1.8 
   3099.2  4.422   0.94 
  3100.14   4.45   5.18 
  3105.32  4.451   5.18 
   3110.5  4.452   5.19 
  3115.69  4.454    5.2 
  3120.89  4.456   5.21 
   3126.1  4.459   5.22 
  3131.32  4.461   5.23 
  3136.55  4.464   5.23 
  3141.78  4.466   5.25 
  3147.03  4.469   5.25 
  3152.28  4.471   5.26 
  3157.54  4.473   5.27 
  3162.81  4.476   5.28 
  3168.09  4.479   5.29 
  3173.38  4.482    5.3 
  3178.68  4.485   5.31 
  3183.99  4.488   5.31 
   3189.3   4.49   5.32 
  3194.62  4.492   5.34 
  3199.96  4.493   5.34 
   3205.3  4.494   5.35 
  3210.65  4.496   5.36 
  3216.01  4.498   5.37 
  3221.38  4.501   5.37 
  3226.75  4.504   5.39 
  3232.14  4.507   5.39 
  3237.53   4.51   5.41 
  3242.94  4.512   5.41 
  3248.35  4.514   5.42 
  3253.77  4.517   5.43 
   3259.2  4.519   5.44 
  3264.64  4.522   5.45 
  3270.09  4.525   5.46 
  3275.55  4.528   5.47 
  3281.02  4.531   5.48 
   3286.5  4.533   5.48 
  3291.98  4.536    5.5 
  3297.48  4.538    5.5 
  3302.98   4.54   5.52 
   3308.5  4.543   5.52 
  3314.02  4.545   5.53 
  3319.55  4.547   5.54 
  3325.09   4.55   5.55 
  3330.64  4.552   5.56 
   3336.2  4.555   5.57 
  3341.77  4.557   5.58 
  3347.35  4.559   5.58 
  3352.93  4.562    5.6 
  3358.53  4.564   5.61 
  3364.14  4.566   5.61 
  3369.75  4.568   5.63 
  3375.38   4.57   5.63 
  3381.01  4.571   5.65 
  3386.66  4.573   5.65 
  3392.31  4.576   5.66 
  3397.97  4.578   5.67 
  3403.64  4.581   5.68 
  3409.32  4.583   5.69 
  3415.01  4.585   5.71 
  3420.72  4.585   5.71 
  3426.43  4.585   5.72 
  3432.15  4.585   5.72 
  3437.87  4.585   5.74 
  3443.61  4.587   5.75 
  3449.36  4.589   5.76 
  3455.12  4.591   5.77 
  3460.89  4.594   5.77 
  3466.66  4.596   5.79 
  3472.45  4.598    5.8 
  3478.25  4.601    5.8 
  3484.05  4.603   5.82 
  3489.87  4.606   5.82 
  3495.69  4.608   5.84 
  3501.53   4.61   5.84 
  3507.37  4.612   5.86 
  3513.23  4.615   5.86 
  3519.09  4.617   5.88 
  3524.97  4.619   5.88 
  3530.85  4.621   5.89 
  3536.74  4.623   5.91 
  3542.65  4.627   5.91 
  3548.56  4.631   5.92 
  3554.48  4.635   5.94 
  3560.42   4.64   5.94 
  3566.36  4.643   5.95 
  3572.31  4.647   5.96 
  3578.27   4.65   5.98 
  3584.25  4.654   5.98 
  3590.23  4.656   5.99 
  3596.22  4.658   6.01 
  3602.23   4.66   6.01 
  3608.24  4.662   6.02 
  3614.26  4.664   6.03 
  3620.29  4.667   6.05 
  3626.34   4.67   6.05 
  3632.39  4.673   6.07 
  3638.46  4.674   6.07 
  3644.53  4.674   6.08 
  3650.61  4.674    6.1 
  3656.71  4.673    6.1 
  3662.81  4.674   6.11 
  3668.92  4.675   6.13 
  3675.05  4.676   6.13 
  3681.18  4.677   6.15 
  3687.33  4.679   6.15 
  3693.48   4.69   6.17 
  3699.65  4.701   6.17 
  3705.82  4.712   6.19 
  3712.01  4.723   6.19 
   3718.2  4.717   6.21 
  3724.41   4.71   6.22 
  3730.63  4.704   6.22 
  3736.85  4.698   6.24 
  3743.09  4.712   6.25 
  3749.34  4.726   6.26 
   3755.6  4.741   6.27 
  3761.87  4.756   6.28 
  3768.15  4.739   6.29 
  3774.44  4.722    6.3 
  3780.74  4.705   6.31 
  3787.05  4.689   6.32 
  3793.37  4.675   6.33 
   3799.7  4.661   6.34 
  3806.04  4.647   6.36 
   3812.4  4.635   6.36 
  3818.76  4.659   6.38 
  3825.14  4.683   6.38 
  3831.52  4.708    6.4 
  3837.92  4.724    6.4 
  3844.32  4.679   6.42 
  3850.74  4.636   6.43 
  3857.17  4.594   6.43 
   3863.6  4.576   6.45 
  3870.05  4.625   6.46 
  3876.51  4.677   6.47 
  3882.98  4.731   6.49 
  3889.47  4.746   6.49 
  3895.96  4.696    6.5 
  3902.46  4.649   6.52 
  3908.98  4.603   6.52 
   3915.5  4.583   6.54 
  3922.04  4.582   6.54 
  3928.58  4.582   6.56 
  3935.14  4.582   6.57 
  3941.71  4.614   6.58 
  3948.29   4.66   6.59 
  3954.88  4.708    6.6 
  3961.48  4.758   6.61 
  3968.09  4.733   6.63 
  3974.72  4.701   6.63 
  3981.35  4.671   6.65 
   3988.0  4.644   6.65 
  3994.65  4.634   6.67 
  4001.32  4.625   6.68 
   4008.0  4.615   6.69 
  4014.69  4.612    6.7 
  4021.39  4.617   6.71 
   4028.1  4.622   6.73 
  4034.83  4.627   6.73 
  4041.56  4.629   6.75 
  4048.31   4.63   6.76 
  4055.07  4.631   6.77 
  4061.84  4.632   6.78 
  4068.62  4.652   6.79 
  4075.41  4.673    6.8 
  4082.21  4.694   6.81 
  4089.02  4.717   6.83 
  4095.85  4.744   6.84 
  4102.69  4.771   6.85 
  4109.54    4.8   6.86 
   4116.4  4.784   6.87 
  4123.27  4.744   6.88 
  4130.15  4.706   6.89 
  4137.04  4.669   6.91 
  4143.95  4.669   6.92 
  4150.87  4.669   6.92 
  4157.79  4.668   6.94 
  4164.73  4.669   6.96 
  4171.69   4.67   6.96 
  4178.65  4.671   6.97 
  4185.62  4.672   6.99 
  4192.61  4.675    7.0 
  4199.61  4.677   7.01 
  4206.62   4.68   7.02 
  4213.64  4.683   7.03 
  4220.67  4.688   7.05 
  4227.72  4.692   7.06 
  4234.78  4.696   7.07 
  4241.85  4.702   7.08 
  4248.93  4.708   7.09 
  4256.02  4.715    7.1 
  4263.12   4.72   7.12 
  4270.24  4.723   7.13 
  4277.37  4.726   7.14 
  4284.51  4.729   7.15 
  4291.66  4.735   7.16 
  4298.82  4.741   7.18 
   4306.0  4.748   7.19 
  4313.19  4.762   7.19 
  4320.38  4.812   7.22 
   4327.6  4.864   7.22 
  4334.82   4.92   7.24 
  4342.06  4.904   7.24 
   4349.3  4.858   7.26 
  4356.56  4.814   7.28 
  4363.84  4.781   7.28 
  4371.12  4.777    7.3 
  4378.42  4.773   7.31 
  4385.73  4.769   7.31 
  4393.04  4.769   7.34 
  4400.38   4.77   7.34 
  4407.72  4.771   7.36 
  4415.08  4.774   7.37 
  4422.45  4.777   7.38 
  4429.83  4.781    7.4 
  4437.23  4.785    7.4 
  4444.63   4.79   7.42 
  4452.05  4.794   7.43 
  4459.48  4.799   7.45 
  4466.93    4.8   7.45 
  4474.38  4.801   7.47 
  4481.85  4.801   7.48 
  4489.33  4.802    7.5 
  4496.83  4.804    7.5 
  4504.33  4.805   7.52 
  4511.85  4.807   7.53 
  4519.38   4.81   7.55 
  4526.93  4.812   7.55 
  4534.48  4.815   7.57 
  4542.05  4.819   7.58 
  4549.63  4.824    7.6 
  4557.23  4.829   7.61 
  4564.84  4.833   7.62 
  4572.46  4.834   7.63 
  4580.09  4.836   7.64 
  4587.73  4.838   7.66 
  4595.39  4.843   7.67 
  4603.06  4.847   7.69 
  4610.75  4.852   7.69 
  4618.44  4.857   7.71 
  4626.15  4.863   7.72 
  4633.87  4.869   7.74 
  4641.61  4.873   7.74 
  4649.35  4.875   7.77 
  4657.12  4.878   7.77 
  4664.89   4.88   7.79 
  4672.68   4.88    7.8 
  4680.48  4.879   7.81 
  4688.29   4.88   7.83 
  4696.12  4.884   7.83 
  4703.95  4.888   7.86 
  4711.81  4.892   7.86 
  4719.67  4.892   7.88 
  4727.55  4.891   7.89 
  4735.44  4.891    7.9 
  4743.34  4.893   7.92 
  4751.26  4.896   7.93 
  4759.19  4.898   7.95 
  4767.14  4.902   7.95 
  4775.09  4.905   7.97 
  4783.06  4.909   7.99 
  4791.05  4.914    8.0 
  4799.05   4.92   8.01 
  4807.06  4.925   8.02 
  4815.08  4.931   8.04 
  4823.12  4.937   8.05 
  4831.17  4.943   8.06 
  4839.23  4.961   8.08 
  4847.31  5.015   8.09 
   4855.4  5.072   8.11 
  4863.51  5.111   8.11 
  4871.62  5.057   8.14 
  4879.76  5.007   8.14 
   4887.9  4.964   8.16 
  4896.06  4.966   8.17 
  4904.23  4.968   8.19 
  4912.42   4.97    8.2 
  4920.62  4.968   8.21 
  4928.83  4.967   8.23 
  4937.06  4.966   8.24 
   4945.3  4.969   8.26 
  4953.56  4.972   8.27 
  4961.83  4.975   8.28 
  4970.11  4.978   8.29 
   4978.4  4.982   8.31 
  4986.71  4.985   8.33 
  4995.04  4.991   8.34 
  5003.38  4.997   8.35 
  5011.73  5.003   8.36 
  5020.09  5.009   8.38 
  5028.47  5.012    8.4 
  5036.87  5.013    8.4 
  5045.27  5.014   8.42 
  5053.69  5.015   8.44 
  5062.13  5.016   8.45 
  5070.58  5.017   8.46 
  5079.04  5.019   8.48 
  5087.52  5.023   8.49 
  5096.01  5.026   8.51 
  5104.52   5.03   8.52 
  5113.04  5.034   8.54 
  5121.58  5.038   8.54 
  5130.12  5.041   8.57 
  5138.69  5.043   8.58 
  5147.27  5.045   8.59 
  5155.86  5.048    8.6 
  5164.46   5.05   8.62 
  5173.08  5.052   8.64 
  5181.72  5.055   8.65 
  5190.37  5.058   8.66 
  5199.03  5.062   8.68 
  5207.71  5.065   8.69 
   5216.4  5.068   8.71 
  5225.11  5.071   8.72 
  5233.83  5.074   8.74 
  5242.57  5.077   8.75 
  5251.32   5.08   8.76 
  5260.08  5.083   8.79 
  5268.87  5.086   8.79 
  5277.66  5.089   8.81 
  5286.47  5.093   8.82 
  5295.29  5.096   8.84 
  5304.13  5.099   8.86 
  5312.99  5.102   8.86 
  5321.85  5.105   8.89 
  5330.74  5.108    8.9 
  5339.64  5.111   8.91 
  5348.55  5.114   8.93 
  5357.48  5.117   8.94 
  5366.42   5.12   8.96 
  5375.38  5.123   8.97 
  5384.35  5.126   8.99 
  5393.34  5.129    9.0 
  5402.34  5.132   9.02 
  5411.36  5.135   9.03 
  5420.39  5.138   9.05 
  5429.44  5.141   9.06 
   5438.5  5.144   9.08 
  5447.58  5.147   9.09 
  5456.67  5.151   9.11 
  5465.78  5.154   9.12 
   5474.9  5.157   9.14 
  5484.04   5.16   9.16 
   5493.2  5.163   9.17 
  5502.37  5.166   9.18 
  5511.55  5.169    9.2 
  5520.75  5.172   9.22 
  5529.97  5.175   9.23 
   5539.2  5.178   9.24 
  5548.44  5.181   9.27 
  5557.71  5.184   9.27 
  5566.98  5.187   9.29 
  5576.27   5.19   9.31 
  5585.58  5.193   9.33 
  5594.91  5.196   9.34 
  5604.25  5.199   9.35 
   5613.6  5.203   9.37 
  5622.97  5.206   9.39 
  5632.36   5.21    9.4 
  5641.76  5.214   9.41 
  5651.17  5.218   9.44 
  5660.61  5.222   9.45 
  5670.06  5.226   9.46 
  5679.52   5.23   9.48 
   5689.0  5.232    9.5 
   5698.5  5.235   9.51 
  5708.01  5.237   9.53 
  5717.54   5.24   9.54 
  5727.08  5.242   9.56 
  5736.64  5.245   9.58 
  5746.22  5.247   9.59 
  5755.81   5.25   9.61 
  5765.42  5.252   9.62 
  5775.04  5.255   9.64 
  5784.68  5.258   9.66 
  5794.34  5.261   9.67 
  5804.01  5.265   9.69 
   5813.7  5.268    9.7 
   5823.4  5.271   9.72 
  5833.12  5.276   9.74 
  5842.86  5.282   9.75 
  5852.61  5.287   9.77 
  5862.38  5.292   9.79 
  5872.17  5.298    9.8 
  5881.97    5.3   9.82 
  5891.79  5.302   9.83 
  5901.62  5.303   9.85 
  5911.47  5.304   9.87 
  5921.34  5.305   9.88 
  5931.22  5.308    9.9 
  5941.12  5.311   9.92 
  5951.04  5.314   9.93 
  5960.97  5.317   9.95 
  5970.92   5.32   9.97 
  5980.89  5.323   9.98 
  5990.87  5.327   10.0 
  6000.87  5.331  10.02 
  6010.89  5.335  10.03 
  6020.92  5.339  10.05 
  6030.97  5.342  10.07 
  6041.04  5.344  10.08 
  6051.12  5.346  10.11 
  6061.23  5.348  10.11 
  6071.34  5.351  10.14 
  6081.48  5.354  10.15 
  6091.63  5.357  10.17 
   6101.8  5.361  10.18 
  6111.98  5.364  10.21 
  6122.19  5.368  10.21 
   6132.4  5.371  10.24 
  6142.64  5.373  10.25 
  6152.89  5.376  10.27 
  6163.16  5.379  10.29 
  6173.45  5.382  10.31 
  6183.76  5.385  10.32 
  6194.08  5.388  10.34 
  6204.42  5.391  10.35 
  6214.77  5.394  10.38 
  6225.15  5.398  10.39 
  6235.54  5.402  10.41 
  6245.95  5.406  10.42 
  6256.37   5.41  10.45 
  6266.82  5.414  10.46 
  6277.28  5.417  10.47 
  6287.75  5.419   10.5 
  6298.25  5.421  10.51 
  6308.76  5.423  10.53 
  6319.29  5.425  10.55 
  6329.84  5.427  10.57 
  6340.41   5.43  10.58 
  6350.99  5.433   10.6 
  6361.59  5.436  10.62 
  6372.21  5.439  10.64 
  6382.85  5.443  10.65 
   6393.5  5.446  10.67 
  6404.17  5.449   10.7 
  6414.87  5.452   10.7 
  6425.57  5.455  10.73 
   6436.3  5.458  10.74 
  6447.04  5.462  10.76 
   6457.8  5.466  10.78 
  6468.58   5.47   10.8 
  6479.38  5.473  10.82 
   6490.2  5.477  10.83 
  6501.03  5.481  10.85 
  6511.88  5.485  10.87 
  6522.75  5.489  10.89 
  6533.64  5.504   10.9 
  6544.54  5.521  10.93 
  6555.47  5.539  10.94 
  6566.41  5.557  10.96 
  6577.37  5.569  10.98 
  6588.35  5.556   11.0 
  6599.35  5.544  11.01 
  6610.36  5.531  11.04 
   6621.4  5.519  11.05 
  6632.45  5.518  11.07 
  6643.52  5.522  11.09 
  6654.61  5.526  11.11 
  6665.72   5.53  11.13 
  6676.85  5.533  11.14 
  6687.99  5.535  11.16 
  6699.15  5.537  11.19 
  6710.34  5.539   11.2 
  6721.54  5.541  11.22 
  6732.76  5.544  11.24 
   6744.0  5.548  11.25 
  6755.25  5.551  11.28 
  6766.53  5.555  11.29 
  6777.82  5.558  11.32 
  6789.14  5.561  11.33 
  6800.47  5.564  11.35 
  6811.82  5.566  11.37 
  6823.19  5.569  11.39 
  6834.58  5.572  11.41 
  6845.99  5.575  11.43 
  6857.42  5.578  11.44 
  6868.86  5.581  11.47 
  6880.33  5.585  11.48 
  6891.81  5.588  11.51 
  6903.32  5.591  11.52 
  6914.84  5.594  11.54 
  6926.38  5.597  11.56 
  6937.94    5.6  11.58 
  6949.52  5.603   11.6 
  6961.12  5.606  11.63 
  6972.75   5.61  11.63 
  6984.38  5.613  11.66 
  6996.04  5.616  11.68 
  7007.72  5.619   11.7 
  7019.42  5.622  11.71 
  7031.13  5.626  11.74 
  7042.87  5.631  11.76 
  7054.63  5.635  11.77 
   7066.4   5.64   11.8 
   7078.2  5.644  11.81 
  7090.01  5.646  11.84 
  7101.85  5.648  11.85 
   7113.7  5.651  11.88 
  7125.58  5.653  11.89 
  7137.47  5.655  11.91 
  7149.38  5.657  11.94 
  7161.32  5.661  11.95 
  7173.27  5.665  11.98 
  7185.25  5.668  11.99 
  7197.24  5.672  12.01 
  7209.25  5.676  12.04 
  7221.29  5.679  12.05 
  7233.34  5.683  12.08 
  7245.42  5.687  12.09 
  7257.51   5.69  12.11 
  7269.62  5.692  12.14 
  7281.76  5.695  12.15 
  7293.91  5.698  12.18 
  7306.09    5.7  12.19 
  7318.28  5.703  12.22 
   7330.5  5.706  12.23 
  7342.73  5.709  12.26 
  7354.99  5.712  12.28 
  7367.27  5.715   12.3 
  7379.57  5.718  12.31 
  7391.88  5.721  12.34 
  7404.22  5.725  12.36 
  7416.58  5.728  12.38 
  7428.96  5.731   12.4 
  7441.36  5.735  12.42 
  7453.78  5.738  12.45 
  7466.23  5.741  12.46 
  7478.69  5.744  12.48 
  7491.17  5.747  12.51 
  7503.68   5.75  12.52 
   7516.2  5.753  12.55 
  7528.75  5.756  12.56 
  7541.31   5.76  12.59 
   7553.9  5.763  12.61 
  7566.51  5.766  12.63 
  7579.14  5.769  12.65 
  7591.79  5.772  12.67 
  7604.46  5.776   12.7 
  7617.16  5.779  12.71 
  7629.87  5.782  12.74 
  7642.61  5.786  12.76 
  7655.37  5.789  12.78 
  7668.15  5.792  12.79 
  7680.94  5.795  12.83 
  7693.77  5.798  12.84 
  7706.61  5.802  12.86 
  7719.47  5.805  12.89 
  7732.36  5.808   12.9 
  7745.26  5.812  12.93 
  7758.19  5.815  12.95 
  7771.14  5.818  12.98 
  7784.12  5.821  12.99 
  7797.11  5.824  13.01 
  7810.12  5.827  13.04 
  7823.16   5.83  13.06 
  7836.22  5.833  13.08 
   7849.3  5.836   13.1 
   7862.4  5.839  13.12 
  7875.52  5.842  13.15 
  7888.67  5.845  13.17 
  7901.84  5.848  13.19 
  7915.03  5.852  13.21 
  7928.24  5.855  13.23 
  7941.47  5.858  13.26 
  7954.73  5.861  13.28 
  7968.01  5.864   13.3 
  7981.31  5.868  13.32 
  7994.63  5.871  13.35 
  8007.98  5.874  13.36 
  8021.34  5.877  13.39 
  8034.73   5.88  13.41 
  8048.14  5.884  13.44 
  8061.58  5.887  13.45 
  8075.03   5.89  13.48 
  8088.51  5.894  13.51 
  8102.02  5.897  13.52 
  8115.54  5.901  13.54 
  8129.08  5.904  13.57 
  8142.65  5.908   13.6 
  8156.25  5.911  13.61 
  8169.86  5.914  13.64 
   8183.5  5.917  13.66 
  8197.16   5.92  13.68 
  8210.84  5.923  13.71 
  8224.55  5.926  13.72 
  8238.27  5.928  13.76 
  8252.03  5.931  13.77 
   8265.8  5.934   13.8 
   8279.6  5.937  13.82 
  8293.42   5.94  13.84 
  8307.26  5.943  13.87 
  8321.13  5.946  13.89 
  8335.02  5.949  13.91 
  8348.93  5.952  13.94 
  8362.87  5.955  13.96 
  8376.83  5.958  13.98 
  8390.81  5.961  14.01 
  8404.82  5.964  14.02 
  8418.84  5.967  14.06 
   8432.9   5.97  14.07 
  8446.97  5.974   14.1 
  8461.07  5.977  14.13 
   8475.2  5.981  14.14 
  8489.34  5.986  14.17 
  8503.51   5.99   14.2 
  8517.71  5.994  14.22 
  8531.93  5.998  14.24 
  8546.17  6.002  14.26 
  8560.43  6.006  14.29 
  8574.72   6.01  14.32 
  8589.04  6.014  14.33 
  8603.37  6.018  14.36 
  8617.73  6.021  14.39 
  8632.12  6.025  14.41 
  8646.53  6.029  14.43 
  8660.96  6.032  14.46 
  8675.42  6.034  14.48 
   8689.9  6.037   14.5 
   8704.4  6.039  14.53 
  8718.93  6.042  14.56 
  8733.49  6.044  14.57 
  8748.06  6.046  14.61 
  8762.67  6.051  14.62 
  8777.29  6.055  14.66 
  8791.95  6.059  14.67 
  8806.62  6.064   14.7 
  8821.32  6.068  14.72 
  8836.04  6.073  14.75 
  8850.79  6.077  14.78 
  8865.57  6.074   14.8 
  8880.37  6.072  14.82 
  8895.19   6.07  14.85 
  8910.04  6.068  14.87 
  8924.91  6.065   14.9 
  8939.81  6.063  14.92 
  8954.73  6.064  14.95 
  8969.68  6.072  14.97 
  8984.65   6.08   15.0 
  8999.65  6.089  15.02 
  9014.67  6.097  15.05 
  9029.72  6.105  15.07 
  9044.79  6.114   15.1 
  9059.89  6.115  15.12 
  9075.01  6.112  15.15 
  9090.16  6.109  15.17 
  9105.33  6.106   15.2 
  9120.53  6.104  15.22 
  9135.75  6.101  15.25 
   9151.0  6.099  15.28 
  9166.28   6.11   15.3 
  9181.58   6.12  15.33 
  9196.91  6.131  15.35 
  9212.26  6.142  15.37 
  9227.63  6.154  15.41 
  9243.04  6.165  15.43 
  9258.47  6.167  15.45 
  9273.92  6.163  15.48 
   9289.4  6.158  15.51 
  9304.91  6.153  15.53 
  9320.44  6.148  15.56 
   9336.0  6.143  15.58 
  9351.58  6.139  15.61 
  9367.19  6.142  15.64 
  9382.83  6.146  15.66 
  9398.49   6.15  15.69 
  9414.18  6.153  15.71 
  9429.89  6.157  15.74 
  9445.63  6.161  15.77 
   9461.4   6.17  15.79 
  9477.19  6.181  15.82 
  9493.01  6.193  15.85 
  9508.86  6.205  15.87 
  9524.73  6.217   15.9 
  9540.63  6.229  15.92 
  9556.55  6.234  15.95 
   9572.5  6.228  15.98 
  9588.48  6.223  16.01 
  9604.49  6.218  16.03 
  9620.52  6.212  16.06 
  9636.58  6.207  16.08 
  9652.66  6.203  16.12 
  9668.78  6.206  16.14 
  9684.92  6.209  16.16 
  9701.08  6.212  16.19 
  9717.27  6.215  16.22 
  9733.49  6.218  16.25 
  9749.74  6.221  16.28 
  9766.02  6.225   16.3 
  9782.32  6.228  16.33 
  9798.65  6.231  16.35 
   9815.0  6.235  16.39 
  9831.39  6.238  16.41 
   9847.8  6.241  16.43 
  9864.23  6.245  16.47 
   9880.7  6.249  16.49 
  9897.19  6.253  16.52 
  9913.71  6.257  16.55 
  9930.26  6.261  16.58 
  9946.84  6.265   16.6 
  9963.44  6.275  16.63 
  9980.07  6.287  16.66 
  9996.73    6.3  16.69 
 10013.42  6.312  16.71 
 10030.13  6.325  16.74 
 10046.87  6.338  16.77 
 10063.64  6.335   16.8 
 10080.44  6.329  16.83 
 10097.27  6.323  16.85 
 10114.12  6.316  16.89 
 10131.01   6.31  16.91 
 10147.92  6.304  16.94 
 10164.86  6.306  16.96 
 10181.82  6.309   17.0 
 10198.82  6.312  17.02 
 10215.84  6.315  17.06 
  10232.9  6.318  17.08 
 10249.98  6.321  17.11 
 10267.09  6.325  17.13 
 10284.22  6.329  17.17 
 10301.39  6.333   17.2 
 10318.59  6.337  17.22 
 10335.81  6.341  17.25 
 10353.06  6.344  17.28 
 10370.34  6.347  17.31 
 10387.65   6.35  17.34 
 10404.99  6.353  17.37 
 10422.36  6.355   17.4 
 10439.76  6.358  17.42 
 10457.18  6.361  17.46 
 10474.64  6.365  17.48 
 10492.12  6.368  17.52 
 10509.64  6.371  17.54 
 10527.18  6.375  17.57 
 10544.75  6.378   17.6 
 10562.35  6.382  17.64 
 10579.99  6.385  17.66 
 10597.65  6.389  17.68 
 10615.33  6.393  17.72 
 10633.05  6.396  17.75 
  10650.8    6.4  17.78 
 10668.58  6.403  17.81 
 10686.39  6.406  17.84 
 10704.23  6.409  17.86 
 10722.09  6.413   17.9 
 10739.99  6.416  17.93 
 10757.92   6.42  17.96 
 10775.88  6.424  17.98 
 10793.86  6.429  18.02 
 10811.88  6.433  18.05 
 10829.93  6.438  18.08 
 10848.01  6.442   18.1 
 10866.11  6.454  18.14 
 10884.25  6.467  18.17 
 10902.42   6.48   18.2 
 10920.62  6.494  18.23 
 10938.85  6.507  18.26 
 10957.11  6.513  18.29 
  10975.4  6.505  18.32 
 10993.72  6.498  18.35 
 11012.07  6.491  18.38 
 11030.45  6.484  18.41 
 11048.86  6.476  18.44 
  11067.3  6.479  18.48 
 11085.78  6.481   18.5 
 11104.28  6.484  18.54 
 11122.82  6.487  18.56 
 11141.38   6.49   18.6 
 11159.98  6.493  18.63 
 11178.61  6.496  18.66 
 11197.27    6.5  18.69 
 11215.96  6.503  18.72 
 11234.68  6.507  18.75 
 11253.43   6.51  18.79 
 11272.22  6.514  18.81 
 11291.03  6.517  18.85 
 11309.88   6.52  18.88 
 11328.76  6.524  18.91 
 11347.67  6.527  18.94 
 11366.61  6.531  18.97 
 11385.58  6.534  19.01 
 11404.59  6.537  19.04 
 11423.63  6.541  19.07 
  11442.7  6.544   19.1 
  11461.8  6.547  19.13 
 11480.93  6.551  19.16 
 11500.09  6.554   19.2 
 11519.29  6.558  19.23 
 11538.52  6.562  19.26 
 11557.78  6.565  19.29 
 11577.07  6.568  19.32 
 11596.39  6.572  19.36 
 11615.75  6.575  19.39 
 11635.14  6.578  19.42 
 11654.56  6.581  19.45 
 11674.01  6.585  19.49 
  11693.5  6.588  19.52 
 11713.02  6.591  19.55 
 11732.57  6.595  19.59 
 11752.16  6.598  19.61 
 11771.77  6.601  19.65 
 11791.42  6.605  19.68 
  11811.1  6.608  19.72 
 11830.82  6.611  19.75 
 11850.57  6.615  19.78 
 11870.35  6.619  19.81 
 11890.16  6.623  19.85 
 11910.01  6.627  19.88 
 11929.89  6.631  19.91 
  11949.8  6.635  19.95 
 11969.75  6.638  19.98 
 11989.73  6.641  20.01 
 12009.74  6.643  20.01 
