   3300.00     6.994      16.0
   3316.00     6.995      16.0
   3332.00     6.980      16.0
   3348.00     6.967      16.0
   3364.00     6.952      16.0
   3380.00     6.948      16.0
   3396.00     6.938      16.0
   3412.00     6.934      16.0
   3428.00     6.933      16.0
   3444.00     6.941      16.0
   3460.00     6.938      16.0
   3476.00     6.930      16.0
   3492.00     6.919      16.0
   3508.00     6.905      16.0
   3524.00     6.886      16.0
   3540.00     6.882      16.0
   3556.00     6.870      16.0
   3572.00     6.865      16.0
   3588.00     6.853      16.0
   3604.00     6.847      16.0
   3620.00     6.834      16.0
   3636.00     6.823      16.0
   3652.00     6.810      16.0
   3668.00     6.805      16.0
   3684.00     6.786      16.0
   3700.00     6.724      16.0
   3716.00     6.616      16.0
   3732.00     6.480      16.0
   3748.00     6.342      16.0
   3764.00     6.208      16.0
   3780.00     6.041      16.0
   3796.00     6.024      16.0
   3812.00     5.819      16.0
   3828.00     5.969      16.0
   3844.00     5.782      16.0
   3860.00     5.613      16.0
   3876.00     5.815      16.0
   3892.00     5.866      16.0
   3908.00     5.585      16.0
   3924.00     5.531      16.0
   3940.00     5.571      16.0
   3956.00     5.792      16.0
   3972.00     5.898      16.0
   3988.00     5.594      16.0
   4004.00     5.492      16.0
   4020.00     5.473      16.0
   4036.00     5.462      16.0
   4052.00     5.472      16.0
   4068.00     5.518      16.0
   4084.00     5.712      16.0
   4100.00     5.935      16.0
   4116.00     5.664      16.0
   4132.00     5.525      16.0
   4148.00     5.489      16.0
   4164.00     5.488      16.0
   4180.00     5.493      16.0
   4196.00     5.487      16.0
   4212.00     5.487      16.0
   4228.00     5.492      16.0
   4244.00     5.496      16.0
   4260.00     5.506      16.0
   4276.00     5.511      16.0
   4292.00     5.529      16.0
   4308.00     5.575      16.0
   4324.00     5.762      16.0
   4340.00     5.969      16.0
   4356.00     5.688      16.0
   4372.00     5.555      16.0
   4388.00     5.541      16.0
   4404.00     5.536      16.0
   4420.00     5.539      16.0
   4436.00     5.533      16.0
   4452.00     5.531      16.0
   4468.00     5.540      16.0
   4484.00     5.545      16.0
   4500.00     5.533      16.0
   4516.00     5.533      16.0
   4532.00     5.536      16.0
   4548.00     5.544      16.0
   4564.00     5.544      16.0
   4580.00     5.546      16.0
   4596.00     5.540      16.0
   4612.00     5.540      16.0
   4628.00     5.547      16.0
   4644.00     5.542      16.0
   4660.00     5.547      16.0
   4676.00     5.547      16.0
   4692.00     5.550      16.0
   4708.00     5.552      16.0
   4724.00     5.556      16.0
   4740.00     5.561      16.0
   4756.00     5.564      16.0
   4772.00     5.570      16.0
   4788.00     5.571      16.0
   4804.00     5.579      16.0
   4820.00     5.595      16.0
   4836.00     5.662      16.0
   4852.00     5.939      16.0
   4868.00     5.953      16.0
   4884.00     5.667      16.0
   4900.00     5.593      16.0
   4916.00     5.584      16.0
   4932.00     5.569      16.0
   4948.00     5.565      16.0
   4964.00     5.566      16.0
   4980.00     5.566      16.0
   4996.00     5.573      16.0
   5012.00     5.581      16.0
   5028.00     5.581      16.0
   5044.00     5.581      16.0
   5060.00     5.579      16.0
   5076.00     5.575      16.0
   5092.00     5.575      16.0
   5108.00     5.575      16.0
   5124.00     5.576      16.0
   5140.00     5.580      16.0
   5156.00     5.587      16.0
   5172.00     5.599      16.0
   5188.00     5.595      16.0
   5204.00     5.589      16.0
   5220.00     5.592      16.0
   5236.00     5.595      16.0
   5252.00     5.595      16.0
   5268.00     5.600      16.0
   5284.00     5.597      16.0
   5300.00     5.593      16.0
   5316.00     5.603      16.0
   5332.00     5.602      16.0
   5348.00     5.596      16.0
   5364.00     5.598      16.0
   5380.00     5.596      16.0
   5396.00     5.601      16.0
   5412.00     5.604      16.0
   5428.00     5.603      16.0
   5444.00     5.604      16.0
   5460.00     5.605      16.0
   5476.00     5.604      16.0
   5492.00     5.606      16.0
   5508.00     5.605      16.0
   5524.00     5.607      16.0
   5540.00     5.607      16.0
   5556.00     5.604      16.0
   5572.00     5.604      16.0
   5588.00     5.608      16.0
   5604.00     5.608      16.0
   5620.00     5.611      16.0
   5636.00     5.613      16.0
   5652.00     5.614      16.0
   5668.00     5.617      16.0
   5684.00     5.623      16.0
   5700.00     5.626      16.0
   5716.00     5.626      16.0
   5732.00     5.631      16.0
   5748.00     5.634      16.0
   5764.00     5.637      16.0
   5780.00     5.647      16.0
   5796.00     5.641      16.0
   5812.00     5.631      16.0
   5828.00     5.630      16.0
   5844.00     5.629      16.0
   5860.00     5.632      16.0
   5876.00     5.643      16.0
   5892.00     5.672      16.0
   5908.00     5.651      16.0
   5924.00     5.645      16.0
   5940.00     5.646      16.0
   5956.00     5.653      16.0
   5972.00     5.653      16.0
   5988.00     5.657      16.0
   6004.00     5.657      16.0
   6020.00     5.657      16.0
   6036.00     5.662      16.0
   6052.00     5.663      16.0
   6068.00     5.665      16.0
   6084.00     5.663      16.0
   6100.00     5.665      16.0
   6116.00     5.669      16.0
   6132.00     5.669      16.0
   6148.00     5.679      16.0
   6164.00     5.683      16.0
   6180.00     5.683      16.0
   6196.00     5.682      16.0
   6212.00     5.683      16.0
   6228.00     5.686      16.0
   6244.00     5.693      16.0
   6260.00     5.694      16.0
   6276.00     5.722      16.0
   6292.00     5.725      16.0
   6308.00     5.710      16.0
   6324.00     5.703      16.0
   6340.00     5.706      16.0
   6356.00     5.706      16.0
   6372.00     5.708      16.0
   6388.00     5.702      16.0
   6404.00     5.702      16.0
   6420.00     5.704      16.0
   6436.00     5.706      16.0
   6452.00     5.714      16.0
   6468.00     5.714      16.0
   6484.00     5.720      16.0
   6500.00     5.721      16.0
   6516.00     5.731      16.0
   6532.00     5.759      16.0
   6548.00     5.896      16.0
   6564.00     6.075      16.0
   6580.00     5.843      16.0
   6596.00     5.750      16.0
   6612.00     5.731      16.0
   6628.00     5.725      16.0
   6644.00     5.722      16.0
   6660.00     5.722      16.0
   6676.00     5.721      16.0
   6692.00     5.719      16.0
   6708.00     5.719      16.0
   6724.00     5.722      16.0
   6740.00     5.723      16.0
   6756.00     5.725      16.0
   6772.00     5.728      16.0
   6788.00     5.730      16.0
   6804.00     5.732      16.0
   6820.00     5.735      16.0
   6836.00     5.737      16.0
   6852.00     5.755      16.0
   6868.00     5.893      16.0
   6884.00     5.900      16.0
   6900.00     5.858      16.0
   6916.00     5.804      16.0
   6932.00     5.778      16.0
   6948.00     5.771      16.0
   6964.00     5.762      16.0
   6980.00     5.761      16.0
   6996.00     5.768      16.0
   7012.00     5.769      16.0
   7028.00     5.769      16.0
   7044.00     5.770      16.0
   7060.00     5.772      16.0
   7076.00     5.772      16.0
   7092.00     5.772      16.0
   7108.00     5.775      16.0
   7124.00     5.777      16.0
   7140.00     5.780      16.0
   7156.00     5.790      16.0
   7172.00     5.824      16.0
   7188.00     5.858      16.0
   7204.00     5.846      16.0
   7220.00     5.816      16.0
   7236.00     5.840      16.0
   7252.00     5.841      16.0
   7268.00     5.839      16.0
   7284.00     5.837      16.0
   7300.00     5.834      16.0
   7316.00     5.827      16.0
   7332.00     5.815      16.0
   7348.00     5.813      16.0
   7364.00     5.816      16.0
   7380.00     5.814      16.0
   7396.00     5.814      16.0
   7412.00     5.816      16.0
   7428.00     5.819      16.0
   7444.00     5.823      16.0
   7460.00     5.824      16.0
   7476.00     5.826      16.0
   7492.00     5.823      16.0
   7508.00     5.826      16.0
   7524.00     5.826      16.0
   7540.00     5.828      16.0
   7556.00     5.830      16.0
   7572.00     5.836      16.0
   7588.00     5.993      16.0
   7604.00     6.766      16.0
   7620.00     6.472      16.0
   7636.00     6.437      16.0
   7652.00     6.175      16.0
   7668.00     5.979      16.0
   7684.00     5.889      16.0
   7700.00     5.868      16.0
   7716.00     5.857      16.0
   7732.00     5.852      16.0
   7748.00     5.856      16.0
   7764.00     5.872      16.0
   7780.00     5.880      16.0
   7796.00     5.855      16.0
   7812.00     5.854      16.0
   7828.00     5.855      16.0
   7844.00     5.859      16.0
   7860.00     5.860      16.0
   7876.00     5.867      16.0
   7892.00     5.872      16.0
   7908.00     5.870      16.0
   7924.00     5.869      16.0
   7940.00     5.871      16.0
   7956.00     5.872      16.0
   7972.00     5.872      16.0
   7988.00     5.871      16.0
   8004.00     5.876      16.0
   8020.00     5.876      16.0
   8036.00     5.879      16.0
   8052.00     5.879      16.0
   8068.00     5.882      16.0
   8084.00     5.887      16.0
   8100.00     5.890      16.0
   8116.00     5.895      16.0
   8132.00     5.911      16.0
   8148.00     5.933      16.0
   8164.00     5.953      16.0
   8180.00     5.956      16.0
   8196.00     5.950      16.0
   8212.00     5.940      16.0
   8228.00     5.980      16.0
   8244.00     5.939      16.0
   8260.00     5.924      16.0
   8276.00     5.937      16.0
   8292.00     5.941      16.0
   8308.00     5.935      16.0
   8324.00     5.936      16.0
   8340.00     5.927      16.0
   8356.00     5.924      16.0
   8372.00     5.926      16.0
   8388.00     5.925      16.0
   8404.00     5.925      16.0
   8420.00     5.929      16.0
   8436.00     5.945      16.0
   8452.00     5.939      16.0
   8468.00     5.938      16.0
   8484.00     5.911      16.0
   8500.00     5.968      16.0
   8516.00     5.908      16.0
   8532.00     5.932      16.0
   8548.00     5.993      16.0
   8564.00     5.887      16.0
   8580.00     5.899      16.0
   8596.00     6.015      16.0
   8612.00     5.921      16.0
   8628.00     5.847      16.0
   8644.00     5.884      16.0
   8660.00     6.048      16.0
   8676.00     5.990      16.0
   8692.00     5.851      16.0
   8708.00     5.819      16.0
   8724.00     5.856      16.0
   8740.00     6.001      16.0
   8756.00     6.055      16.0
   8772.00     5.877      16.0
   8788.00     5.807      16.0
   8804.00     5.794      16.0
   8820.00     5.809      16.0
   8836.00     5.859      16.0
   8852.00     6.022      16.0
   8868.00     6.093      16.0
   8884.00     5.901      16.0
   8900.00     5.830      16.0
   8916.00     5.813      16.0
   8932.00     5.818      16.0
   8948.00     5.825      16.0
   8964.00     5.864      16.0
   8980.00     5.914      16.0
   8996.00     6.033      16.0
   9012.00     6.220      16.0
   9028.00     6.073      16.0
   9044.00     5.906      16.0
   9060.00     5.883      16.0
   9076.00     5.899      16.0
   9092.00     5.902      16.0
   9108.00     5.888      16.0
   9124.00     5.891      16.0
   9140.00     5.894      16.0
   9156.00     5.901      16.0
   9172.00     5.900      16.0
   9188.00     5.910      16.0
   9204.00     5.958      16.0
   9220.00     6.153      16.0
   9236.00     6.171      16.0
   9252.00     5.998      16.0
   9268.00     5.937      16.0
   9284.00     5.933      16.0
   9300.00     5.987      16.0
   9316.00     6.114      16.0
   9332.00     6.201      16.0
   9348.00     6.253      16.0
   9364.00     6.208      16.0
   9380.00     6.173      16.0
   9396.00     6.031      16.0
   9412.00     6.041      16.0
   9428.00     6.125      16.0
   9444.00     6.155      16.0
   9460.00     6.125      16.0
   9476.00     6.108      16.0
   9492.00     6.133      16.0
   9508.00     6.121      16.0
   9524.00     6.217      16.0
   9540.00     6.376      16.0
   9556.00     6.339      16.0
   9572.00     6.138      16.0
   9588.00     6.096      16.0
   9604.00     6.055      16.0
   9620.00     6.048      16.0
   9636.00     6.031      16.0
   9652.00     6.022      16.0
   9668.00     6.000      16.0
   9684.00     5.965      16.0
   9700.00     5.954      16.0
   9716.00     5.951      16.0
   9732.00     5.975      16.0
   9748.00     5.989      16.0
   9764.00     5.984      16.0
   9780.00     5.966      16.0
   9796.00     5.975      16.0
   9812.00     5.965      16.0
   9828.00     5.960      16.0
   9844.00     5.948      16.0
   9860.00     5.949      16.0
   9876.00     5.944      16.0
   9892.00     5.950      16.0
   9908.00     5.943      16.0
   9924.00     5.947      16.0
   9940.00     5.948      16.0
   9956.00     5.947      16.0
   9972.00     5.952      16.0
   9988.00     5.962      16.0
  10004.00     5.987      16.0
  10020.00     6.003      16.0
  10036.00     6.145      16.0
  10052.00     6.250      16.0
  10068.00     6.079      16.0
  10084.00     5.998      16.0
  10100.00     5.980      16.0
  10116.00     5.979      16.0
  10132.00     5.963      16.0
  10148.00     5.967      16.0
  10164.00     5.950      16.0
  10180.00     5.964      16.0
  10196.00     5.952      16.0
  10212.00     5.948      16.0
  10228.00     5.934      16.0
  10244.00     5.974      16.0
  10260.00     5.953      16.0
  10276.00     5.914      16.0
  10292.00     5.905      16.0
  10308.00     5.946      16.0
  10324.00     5.956      16.0
  10340.00     5.973      16.0
  10356.00     5.982      16.0
  10372.00     6.002      16.0
  10388.00     5.950      16.0
  10404.00     5.959      16.0
  10420.00     5.996      16.0
