   3300.00     5.033      16.0
   3316.00     5.030      16.0
   3332.00     5.031      16.0
   3348.00     5.015      16.0
   3364.00     5.007      16.0
   3380.00     4.994      16.0
   3396.00     4.985      16.0
   3412.00     4.982      16.0
   3428.00     4.980      16.0
   3444.00     4.989      16.0
   3460.00     4.990      16.0
   3476.00     4.987      16.0
   3492.00     4.979      16.0
   3508.00     4.963      16.0
   3524.00     4.949      16.0
   3540.00     4.932      16.0
   3556.00     4.931      16.0
   3572.00     4.925      16.0
   3588.00     4.917      16.0
   3604.00     4.907      16.0
   3620.00     4.895      16.0
   3636.00     4.884      16.0
   3652.00     4.876      16.0
   3668.00     4.867      16.0
   3684.00     4.850      16.0
   3700.00     4.789      16.0
   3716.00     4.683      16.0
   3732.00     4.563      16.0
   3748.00     4.435      16.0
   3764.00     4.305      16.0
   3780.00     4.129      16.0
   3796.00     4.115      16.0
   3812.00     3.890      16.0
   3828.00     4.073      16.0
   3844.00     3.841      16.0
   3860.00     3.648      16.0
   3876.00     3.906      16.0
   3892.00     3.958      16.0
   3908.00     3.628      16.0
   3924.00     3.583      16.0
   3940.00     3.623      16.0
   3956.00     3.870      16.0
   3972.00     3.989      16.0
   3988.00     3.632      16.0
   4004.00     3.505      16.0
   4020.00     3.477      16.0
   4036.00     3.475      16.0
   4052.00     3.487      16.0
   4068.00     3.538      16.0
   4084.00     3.749      16.0
   4100.00     4.032      16.0
   4116.00     3.715      16.0
   4132.00     3.550      16.0
   4148.00     3.508      16.0
   4164.00     3.510      16.0
   4180.00     3.515      16.0
   4196.00     3.505      16.0
   4212.00     3.505      16.0
   4228.00     3.513      16.0
   4244.00     3.519      16.0
   4260.00     3.529      16.0
   4276.00     3.538      16.0
   4292.00     3.565      16.0
   4308.00     3.619      16.0
   4324.00     3.821      16.0
   4340.00     4.091      16.0
   4356.00     3.764      16.0
   4372.00     3.603      16.0
   4388.00     3.582      16.0
   4404.00     3.574      16.0
   4420.00     3.566      16.0
   4436.00     3.563      16.0
   4452.00     3.570      16.0
   4468.00     3.584      16.0
   4484.00     3.592      16.0
   4500.00     3.581      16.0
   4516.00     3.584      16.0
   4532.00     3.593      16.0
   4548.00     3.607      16.0
   4564.00     3.603      16.0
   4580.00     3.604      16.0
   4596.00     3.597      16.0
   4612.00     3.599      16.0
   4628.00     3.608      16.0
   4644.00     3.602      16.0
   4660.00     3.610      16.0
   4676.00     3.611      16.0
   4692.00     3.614      16.0
   4708.00     3.616      16.0
   4724.00     3.623      16.0
   4740.00     3.630      16.0
   4756.00     3.633      16.0
   4772.00     3.641      16.0
   4788.00     3.644      16.0
   4804.00     3.655      16.0
   4820.00     3.675      16.0
   4836.00     3.754      16.0
   4852.00     4.053      16.0
   4868.00     4.095      16.0
   4884.00     3.776      16.0
   4900.00     3.682      16.0
   4916.00     3.672      16.0
   4932.00     3.663      16.0
   4948.00     3.659      16.0
   4964.00     3.661      16.0
   4980.00     3.662      16.0
   4996.00     3.672      16.0
   5012.00     3.683      16.0
   5028.00     3.683      16.0
   5044.00     3.684      16.0
   5060.00     3.684      16.0
   5076.00     3.681      16.0
   5092.00     3.681      16.0
   5108.00     3.681      16.0
   5124.00     3.688      16.0
   5140.00     3.693      16.0
   5156.00     3.703      16.0
   5172.00     3.715      16.0
   5188.00     3.716      16.0
   5204.00     3.712      16.0
   5220.00     3.715      16.0
   5236.00     3.726      16.0
   5252.00     3.719      16.0
   5268.00     3.739      16.0
   5284.00     3.729      16.0
   5300.00     3.729      16.0
   5316.00     3.743      16.0
   5332.00     3.742      16.0
   5348.00     3.734      16.0
   5364.00     3.738      16.0
   5380.00     3.739      16.0
   5396.00     3.744      16.0
   5412.00     3.747      16.0
   5428.00     3.749      16.0
   5444.00     3.747      16.0
   5460.00     3.750      16.0
   5476.00     3.754      16.0
   5492.00     3.752      16.0
   5508.00     3.758      16.0
   5524.00     3.759      16.0
   5540.00     3.762      16.0
   5556.00     3.759      16.0
   5572.00     3.765      16.0
   5588.00     3.769      16.0
   5604.00     3.771      16.0
   5620.00     3.774      16.0
   5636.00     3.778      16.0
   5652.00     3.784      16.0
   5668.00     3.791      16.0
   5684.00     3.793      16.0
   5700.00     3.798      16.0
   5716.00     3.802      16.0
   5732.00     3.807      16.0
   5748.00     3.811      16.0
   5764.00     3.815      16.0
   5780.00     3.815      16.0
   5796.00     3.816      16.0
   5812.00     3.813      16.0
   5828.00     3.812      16.0
   5844.00     3.811      16.0
   5860.00     3.814      16.0
   5876.00     3.824      16.0
   5892.00     3.841      16.0
   5908.00     3.835      16.0
   5924.00     3.834      16.0
   5940.00     3.836      16.0
   5956.00     3.844      16.0
   5972.00     3.844      16.0
   5988.00     3.847      16.0
   6004.00     3.851      16.0
   6020.00     3.854      16.0
   6036.00     3.856      16.0
   6052.00     3.859      16.0
   6068.00     3.861      16.0
   6084.00     3.860      16.0
   6100.00     3.867      16.0
   6116.00     3.870      16.0
   6132.00     3.876      16.0
   6148.00     3.886      16.0
   6164.00     3.887      16.0
   6180.00     3.883      16.0
   6196.00     3.882      16.0
   6212.00     3.885      16.0
   6228.00     3.892      16.0
   6244.00     3.903      16.0
   6260.00     3.904      16.0
   6276.00     3.920      16.0
   6292.00     3.928      16.0
   6308.00     3.919      16.0
   6324.00     3.916      16.0
   6340.00     3.918      16.0
   6356.00     3.920      16.0
   6372.00     3.923      16.0
   6388.00     3.918      16.0
   6404.00     3.918      16.0
   6420.00     3.924      16.0
   6436.00     3.927      16.0
   6452.00     3.934      16.0
   6468.00     3.937      16.0
   6484.00     3.941      16.0
   6500.00     3.946      16.0
   6516.00     3.957      16.0
   6532.00     3.989      16.0
   6548.00     4.132      16.0
   6564.00     4.336      16.0
   6580.00     4.101      16.0
   6596.00     3.989      16.0
   6612.00     3.964      16.0
   6628.00     3.957      16.0
   6644.00     3.956      16.0
   6660.00     3.954      16.0
   6676.00     3.956      16.0
   6692.00     3.954      16.0
   6708.00     3.956      16.0
   6724.00     3.959      16.0
   6740.00     3.962      16.0
   6756.00     3.966      16.0
   6772.00     3.968      16.0
   6788.00     3.973      16.0
   6804.00     3.975      16.0
   6820.00     3.980      16.0
   6836.00     3.981      16.0
   6852.00     3.995      16.0
   6868.00     4.137      16.0
   6884.00     4.145      16.0
   6900.00     4.105      16.0
   6916.00     4.052      16.0
   6932.00     4.025      16.0
   6948.00     4.019      16.0
   6964.00     4.013      16.0
   6980.00     4.012      16.0
   6996.00     4.022      16.0
   7012.00     4.023      16.0
   7028.00     4.024      16.0
   7044.00     4.024      16.0
   7060.00     4.027      16.0
   7076.00     4.029      16.0
   7092.00     4.030      16.0
   7108.00     4.037      16.0
   7124.00     4.039      16.0
   7140.00     4.040      16.0
   7156.00     4.052      16.0
   7172.00     4.089      16.0
   7188.00     4.125      16.0
   7204.00     4.111      16.0
   7220.00     4.079      16.0
   7236.00     4.106      16.0
   7252.00     4.109      16.0
   7268.00     4.108      16.0
   7284.00     4.107      16.0
   7300.00     4.105      16.0
   7316.00     4.096      16.0
   7332.00     4.084      16.0
   7348.00     4.084      16.0
   7364.00     4.085      16.0
   7380.00     4.086      16.0
   7396.00     4.086      16.0
   7412.00     4.089      16.0
   7428.00     4.091      16.0
   7444.00     4.095      16.0
   7460.00     4.098      16.0
   7476.00     4.100      16.0
   7492.00     4.102      16.0
   7508.00     4.104      16.0
   7524.00     4.108      16.0
   7540.00     4.108      16.0
   7556.00     4.112      16.0
   7572.00     4.116      16.0
   7588.00     4.273      16.0
   7604.00     5.045      16.0
   7620.00     4.755      16.0
   7636.00     4.724      16.0
   7652.00     4.459      16.0
   7668.00     4.255      16.0
   7684.00     4.172      16.0
   7700.00     4.145      16.0
   7716.00     4.137      16.0
   7732.00     4.138      16.0
   7748.00     4.139      16.0
   7764.00     4.159      16.0
   7780.00     4.174      16.0
   7796.00     4.144      16.0
   7812.00     4.146      16.0
   7828.00     4.149      16.0
   7844.00     4.152      16.0
   7860.00     4.156      16.0
   7876.00     4.163      16.0
   7892.00     4.168      16.0
   7908.00     4.166      16.0
   7924.00     4.166      16.0
   7940.00     4.168      16.0
   7956.00     4.172      16.0
   7972.00     4.170      16.0
   7988.00     4.173      16.0
   8004.00     4.177      16.0
   8020.00     4.179      16.0
   8036.00     4.182      16.0
   8052.00     4.182      16.0
   8068.00     4.187      16.0
   8084.00     4.190      16.0
   8100.00     4.194      16.0
   8116.00     4.201      16.0
   8132.00     4.220      16.0
   8148.00     4.238      16.0
   8164.00     4.259      16.0
   8180.00     4.262      16.0
   8196.00     4.256      16.0
   8212.00     4.242      16.0
   8228.00     4.284      16.0
   8244.00     4.250      16.0
   8260.00     4.240      16.0
   8276.00     4.249      16.0
   8292.00     4.255      16.0
   8308.00     4.249      16.0
   8324.00     4.249      16.0
   8340.00     4.248      16.0
   8356.00     4.235      16.0
   8372.00     4.238      16.0
   8388.00     4.240      16.0
   8404.00     4.240      16.0
   8420.00     4.245      16.0
   8436.00     4.261      16.0
   8452.00     4.260      16.0
   8468.00     4.260      16.0
   8484.00     4.232      16.0
   8500.00     4.287      16.0
   8516.00     4.236      16.0
   8532.00     4.252      16.0
   8548.00     4.325      16.0
   8564.00     4.215      16.0
   8580.00     4.218      16.0
   8596.00     4.335      16.0
   8612.00     4.256      16.0
   8628.00     4.176      16.0
   8644.00     4.212      16.0
   8660.00     4.376      16.0
   8676.00     4.328      16.0
   8692.00     4.192      16.0
   8708.00     4.156      16.0
   8724.00     4.189      16.0
   8740.00     4.330      16.0
   8756.00     4.408      16.0
   8772.00     4.231      16.0
   8788.00     4.155      16.0
   8804.00     4.144      16.0
   8820.00     4.154      16.0
   8836.00     4.201      16.0
   8852.00     4.358      16.0
   8868.00     4.452      16.0
   8884.00     4.266      16.0
   8900.00     4.184      16.0
   8916.00     4.168      16.0
   8932.00     4.167      16.0
   8948.00     4.173      16.0
   8964.00     4.208      16.0
   8980.00     4.261      16.0
   8996.00     4.381      16.0
   9012.00     4.567      16.0
   9028.00     4.442      16.0
   9044.00     4.265      16.0
   9060.00     4.247      16.0
   9076.00     4.262      16.0
   9092.00     4.265      16.0
   9108.00     4.245      16.0
   9124.00     4.237      16.0
   9140.00     4.243      16.0
   9156.00     4.250      16.0
   9172.00     4.257      16.0
   9188.00     4.264      16.0
   9204.00     4.319      16.0
   9220.00     4.507      16.0
   9236.00     4.556      16.0
   9252.00     4.373      16.0
   9268.00     4.304      16.0
   9284.00     4.292      16.0
   9300.00     4.345      16.0
   9316.00     4.464      16.0
   9332.00     4.551      16.0
   9348.00     4.599      16.0
   9364.00     4.551      16.0
   9380.00     4.517      16.0
   9396.00     4.379      16.0
   9412.00     4.406      16.0
   9428.00     4.483      16.0
   9444.00     4.508      16.0
   9460.00     4.482      16.0
   9476.00     4.459      16.0
   9492.00     4.487      16.0
   9508.00     4.476      16.0
   9524.00     4.576      16.0
   9540.00     4.731      16.0
   9556.00     4.721      16.0
   9572.00     4.518      16.0
   9588.00     4.462      16.0
   9604.00     4.424      16.0
   9620.00     4.411      16.0
   9636.00     4.392      16.0
   9652.00     4.378      16.0
   9668.00     4.364      16.0
   9684.00     4.328      16.0
   9700.00     4.313      16.0
   9716.00     4.319      16.0
   9732.00     4.336      16.0
   9748.00     4.355      16.0
   9764.00     4.342      16.0
   9780.00     4.340      16.0
   9796.00     4.342      16.0
   9812.00     4.322      16.0
   9828.00     4.329      16.0
   9844.00     4.321      16.0
   9860.00     4.321      16.0
   9876.00     4.320      16.0
   9892.00     4.325      16.0
   9908.00     4.319      16.0
   9924.00     4.313      16.0
   9940.00     4.321      16.0
   9956.00     4.321      16.0
   9972.00     4.327      16.0
   9988.00     4.335      16.0
  10004.00     4.356      16.0
  10020.00     4.386      16.0
  10036.00     4.528      16.0
  10052.00     4.659      16.0
  10068.00     4.482      16.0
  10084.00     4.394      16.0
  10100.00     4.357      16.0
  10116.00     4.339      16.0
  10132.00     4.335      16.0
  10148.00     4.337      16.0
  10164.00     4.310      16.0
  10180.00     4.321      16.0
  10196.00     4.324      16.0
  10212.00     4.333      16.0
  10228.00     4.342      16.0
  10244.00     4.349      16.0
  10260.00     4.325      16.0
  10276.00     4.340      16.0
  10292.00     4.348      16.0
  10308.00     4.352      16.0
  10324.00     4.373      16.0
  10340.00     4.379      16.0
  10356.00     4.387      16.0
  10372.00     4.404      16.0
  10388.00     4.393      16.0
  10404.00     4.409      16.0
